# d0 d+ = 5.000000 1.000000 
Lambda345 MDM Omega SigmaV
1.1593E-02 6.2421E+02 1.1871E-01 6.1181E-26 
1.1941E-02 6.2421E+02 1.1859E-01 6.1266E-26 
1.2299E-02 6.2421E+02 1.1847E-01 6.1355E-26 
1.2668E-02 6.2421E+02 1.1835E-01 6.1447E-26 
1.3048E-02 6.2421E+02 1.1822E-01 6.1542E-26 
1.3439E-02 6.2421E+02 1.1809E-01 6.1641E-26 
2.2213E-02 6.3669E+02 1.1867E-01 6.1946E-26 
2.2879E-02 6.3669E+02 1.1841E-01 6.2141E-26 
2.3566E-02 6.3669E+02 1.1814E-01 6.2344E-26 
3.1670E-02 6.4942E+02 1.1851E-01 6.2780E-26 
3.2620E-02 6.4942E+02 1.1809E-01 6.3092E-26 
4.0119E-02 6.6241E+02 1.1840E-01 6.3563E-26 
4.7904E-02 6.7566E+02 1.1831E-01 6.4305E-26 
5.5534E-02 6.8917E+02 1.1807E-01 6.5138E-26 
6.8300E-02 7.1702E+02 1.1846E-01 6.6090E-26 
7.4633E-02 7.3136E+02 1.1851E-01 6.6636E-26 
8.1554E-02 7.4598E+02 1.1815E-01 6.7487E-26 
1.2336E-01 8.5690E+02 1.1817E-01 7.0992E-26 
1.3480E-01 8.9152E+02 1.1833E-01 7.1730E-26 
1.5171E-01 9.4609E+02 1.1875E-01 7.2590E-26 
1.7076E-01 1.0040E+03 1.1810E-01 7.4181E-26 
1.7588E-01 1.0241E+03 1.1862E-01 7.4111E-26 
2.8223E-01 1.4058E+03 1.1852E-01 7.8426E-26 
2.9070E-01 1.4340E+03 1.1805E-01 7.8994E-26 
3.3700E-01 1.6149E+03 1.1839E-01 7.9874E-26 
3.7930E-01 1.7829E+03 1.1862E-01 8.0542E-26 
4.2690E-01 1.9685E+03 1.1833E-01 8.1535E-26 
4.6649E-01 2.1308E+03 1.1864E-01 8.1848E-26 
5.0974E-01 2.3064E+03 1.1874E-01 8.2300E-26 
5.5701E-01 2.4965E+03 1.1865E-01 8.2870E-26 
6.0866E-01 2.7023E+03 1.1840E-01 8.3543E-26 
7.0560E-01 3.1041E+03 1.1878E-01 8.4007E-26 
7.7103E-01 3.3600E+03 1.1820E-01 8.4894E-26 
8.9384E-01 3.8596E+03 1.1812E-01 8.5643E-26 
9.4827E-01 4.0958E+03 1.1869E-01 8.5458E-26 
1.0993E+00 4.7048E+03 1.1835E-01 8.6370E-26 
1.3520E+00 5.7352E+03 1.1829E-01 8.7263E-26 
1.4343E+00 6.0862E+03 1.1870E-01 8.7157E-26 
1.6628E+00 6.9911E+03 1.1804E-01 8.8277E-26 
1.7641E+00 7.4191E+03 1.1841E-01 8.8197E-26 
1.8715E+00 7.8732E+03 1.1878E-01 8.8118E-26 
2.3017E+00 9.5973E+03 1.1834E-01 8.9243E-26 
2.4419E+00 1.0185E+04 1.1867E-01 8.9180E-26 
3.0032E+00 1.2415E+04 1.1814E-01 9.0368E-26 
3.1861E+00 1.3175E+04 1.1846E-01 9.0315E-26 
3.3801E+00 1.3982E+04 1.1877E-01 9.0257E-26 
4.1571E+00 1.7043E+04 1.1818E-01 9.1496E-26 
4.4103E+00 1.8087E+04 1.1848E-01 9.1444E-26 
4.6789E+00 1.9194E+04 1.1877E-01 9.1399E-26 
5.7544E+00 2.3397E+04 1.1814E-01 9.2664E-26 
6.1049E+00 2.4829E+04 1.1843E-01 9.2622E-26 
