# d0 d+ = 10.000000 1.000000 
Lambda345 MDM Omega SigmaV
1.2299E-02 1.0040E+03 1.1843E-01 4.8109E-26 
1.2668E-02 1.0040E+03 1.1832E-01 4.8187E-26 
1.7535E-02 1.0241E+03 1.1845E-01 4.8380E-26 
1.8061E-02 1.0241E+03 1.1830E-01 4.8493E-26 
2.2879E-02 1.0446E+03 1.1839E-01 4.8705E-26 
2.8139E-02 1.0654E+03 1.1830E-01 4.9042E-26 
3.2620E-02 1.0868E+03 1.1842E-01 4.9217E-26 
3.7816E-02 1.1085E+03 1.1829E-01 4.9574E-26 
4.6509E-02 1.1533E+03 1.1847E-01 4.9927E-26 
5.5534E-02 1.1999E+03 1.1849E-01 5.0378E-26 
1.0030E-01 1.4626E+03 1.1841E-01 5.2410E-26 
1.0960E-01 1.5217E+03 1.1835E-01 5.2799E-26 
1.2336E-01 1.6149E+03 1.1837E-01 5.3256E-26 
1.4729E-01 1.7829E+03 1.1839E-01 5.3976E-26 
2.2280E-01 2.3526E+03 1.1850E-01 5.5590E-26 
2.2948E-01 2.3996E+03 1.1838E-01 5.5792E-26 
2.8223E-01 2.8115E+03 1.1835E-01 5.6628E-26 
3.2718E-01 3.1662E+03 1.1831E-01 5.7222E-26 
3.6825E-01 3.4958E+03 1.1833E-01 5.7642E-26 
4.5290E-01 4.1778E+03 1.1835E-01 5.8359E-26 
4.9490E-01 4.5221E+03 1.1844E-01 5.8604E-26 
5.4079E-01 4.8949E+03 1.1848E-01 5.8878E-26 
5.9093E-01 5.2984E+03 1.1846E-01 5.9179E-26 
6.4573E-01 5.7352E+03 1.1842E-01 5.9505E-26 
7.0560E-01 6.2079E+03 1.1834E-01 5.9853E-26 
8.9384E-01 7.7188E+03 1.1842E-01 6.0552E-26 
1.1323E+00 9.5973E+03 1.1837E-01 6.1341E-26 
1.3126E+00 1.1024E+04 1.1845E-01 6.1745E-26 
1.5217E+00 1.2663E+04 1.1850E-01 6.2170E-26 
1.9276E+00 1.5745E+04 1.1830E-01 6.3084E-26 
2.2347E+00 1.8087E+04 1.1831E-01 6.3546E-26 
2.5906E+00 2.0776E+04 1.1831E-01 6.4021E-26 
3.0032E+00 2.3865E+04 1.1830E-01 6.4506E-26 
