Lambda345 MDM d0 d+ Omega SigmaV  BRWW BRZZ BRhh BRtt  BRAWW
1.1309E-01 3.2756E+03 5.7093E+00 8.6780E+00 1.1804E-01 6.5477E-26 0.738919 0.187543 0.004223 0.000000 0.069288
1.0464E-02 1.0235E+04 7.4836E+00 9.5200E+00 1.1922E-01 6.4428E-26 0.711991 0.221250 0.004223 0.000000 0.066756
3.0148E-02 5.8132E+02 2.3223E+00 5.9034E-01 1.1855E-01 6.7182E-26 0.496542 0.446432 0.009520 0.001782 0.045714
1.3787E-01 1.2579E+03 5.7114E-01 6.1947E+00 1.1768E-01 6.9217E-26 0.752194 0.136569 0.039847 0.001583 0.069766
4.6734E-02 9.3526E+03 8.9522E+00 8.8739E+00 1.1754E-01 6.5741E-26 0.623595 0.317840 0.039847 0.001583 0.058477
2.8946E-02 7.3635E+03 1.1541E+00 9.7650E+00 1.1866E-01 5.4384E-26 0.904621 0.010496 0.039847 0.001583 0.084816
4.7414E-02 8.3633E+03 1.1156E+00 9.7527E+00 1.1871E-01 5.4763E-26 0.905085 0.009921 0.000136 0.001583 0.084857
1.9076E-01 1.5376E+03 3.4288E+00 5.5953E+00 1.1929E-01 7.3319E-26 0.660246 0.228663 0.048117 0.001254 0.061670
1.0303E+00 4.7267E+03 1.4948E+00 3.9089E+00 1.1805E-01 8.9408E-26 0.628770 0.189756 0.122116 0.000295 0.058939
4.8264E-02 1.9234E+03 9.9840E+00 5.8419E+00 1.1945E-01 5.8420E-26 0.422409 0.534758 0.002506 0.000295 0.040285
7.1953E-01 1.5333E+04 4.9568E+00 9.0413E+00 1.1855E-01 7.0996E-26 0.775454 0.144641 0.007198 0.000295 0.072697
1.5232E+00 1.1728E+04 2.1076E+00 7.0827E+00 1.1773E-01 8.0105E-26 0.763746 0.115813 0.048776 0.000295 0.071598
1.3102E-02 1.6583E+03 9.8500E+00 6.4969E+00 1.1770E-01 5.7673E-26 0.459637 0.496248 0.000252 0.000295 0.043856
1.4609E-02 6.4236E+02 9.4421E-01 4.2318E+00 1.1762E-01 6.3076E-26 0.594116 0.349388 0.001960 0.000300 0.054234
9.3636E-02 4.6534E+03 5.2164E+00 9.2658E+00 1.1939E-01 6.3045E-26 0.783401 0.141647 0.001491 0.000300 0.073456
8.5460E-02 1.5996E+03 6.1381E+00 7.0631E+00 1.1910E-01 6.5001E-26 0.643849 0.285306 0.010177 0.000241 0.060416
2.6654E-02 5.8447E+02 8.7646E-01 1.9170E+00 1.1809E-01 6.7158E-26 0.538305 0.404015 0.007381 0.001364 0.048928
1.5783E-01 2.6403E+03 4.4327E+00 8.0574E+00 1.1878E-01 6.6968E-26 0.751796 0.165291 0.012351 0.000101 0.070448
2.3141E+00 1.1090E+04 1.1567E+00 4.6370E+00 1.1816E-01 9.0624E-26 0.669267 0.156751 0.111081 0.000101 0.062744
6.4427E-01 3.9418E+03 7.7169E+00 2.1100E+00 1.1749E-01 7.5396E-26 0.342833 0.542950 0.081539 0.000288 0.032306
2.6615E-01 2.3089E+03 6.5356E-01 6.8849E+00 1.1833E-01 7.0414E-26 0.796233 0.085350 0.043420 0.000477 0.074476
2.9261E+00 9.7140E+03 6.2594E-01 5.9207E-01 1.1942E-01 9.7459E-26 0.491259 0.247723 0.214619 0.000113 0.046068
4.0070E+00 1.3963E+04 1.6394E+00 1.0529E+00 1.1845E-01 9.8684E-26 0.487310 0.273904 0.192849 0.000113 0.045693
2.3927E-02 7.8138E+02 1.4948E+00 6.0180E+00 1.1722E-01 6.1247E-26 0.673416 0.260746 0.003612 0.000376 0.061846
6.8843E-02 1.9520E+03 9.0121E+00 6.4248E+00 1.1898E-01 6.1852E-26 0.499438 0.448551 0.004669 0.000376 0.047265
1.3256E-02 1.1293E+03 6.5273E+00 7.2437E+00 1.1725E-01 5.9313E-26 0.624239 0.316517 0.000545 0.000376 0.058672
3.6647E-01 2.7950E+03 7.2873E+00 4.2267E+00 1.1748E-01 7.5490E-26 0.466254 0.437035 0.052389 0.000384 0.043885
3.7749E-02 6.6464E+02 1.8528E+00 3.5434E+00 1.1841E-01 6.5284E-26 0.577258 0.356551 0.011638 0.001686 0.052855
2.0348E+00 1.1321E+04 4.0362E+00 4.8375E+00 1.1949E-01 8.8616E-26 0.602458 0.256595 0.084345 0.001686 0.056484
3.1826E-02 3.0993E+03 5.7750E-01 9.3393E+00 1.1851E-01 5.3350E-26 0.894615 0.021030 0.000459 0.001686 0.083892
1.5461E-01 2.6945E+03 8.1364E+00 6.7265E+00 1.1834E-01 6.7365E-26 0.555290 0.381070 0.011316 0.001686 0.052223
1.6097E-02 1.5167E+04 1.2440E+00 9.9939E+00 1.1794E-01 5.5681E-26 0.906933 0.008038 0.011316 0.001686 0.085024
7.7748E-01 5.8372E+03 7.0800E+00 4.8056E+00 1.1903E-01 7.8854E-26 0.503186 0.397486 0.051982 0.001686 0.047214
6.9512E-02 2.1351E+03 1.8618E+00 8.8020E+00 1.1771E-01 5.9199E-26 0.848953 0.067353 0.004157 0.001686 0.079480
9.0000E-02 1.2105E+03 8.7901E+00 3.0178E+00 1.1768E-01 6.1066E-26 0.346309 0.597919 0.020931 0.000895 0.033924
3.2654E+00 1.1457E+04 2.0011E+00 8.0397E-01 1.1924E-01 9.6791E-26 0.466290 0.295968 0.193747 0.000895 0.043726
1.4849E-02 6.8374E+02 1.9194E+00 4.8787E+00 1.1738E-01 6.1853E-26 0.609627 0.332382 0.001816 0.000246 0.055927
1.8420E+00 1.6024E+04 2.1768E+00 7.5008E+00 1.1931E-01 7.7631E-26 0.782596 0.104526 0.039463 0.000246 0.073367
4.6745E-02 6.7168E+02 4.3137E+00 1.8437E+00 1.1805E-01 6.5432E-26 0.476529 0.458798 0.017345 0.002473 0.044837
2.8351E-01 2.1060E+03 7.7758E+00 2.8227E+00 1.1921E-01 7.0379E-26 0.374818 0.529640 0.059081 0.000791 0.035609
3.1976E+00 1.2447E+04 3.7127E+00 1.3527E+00 1.1806E-01 9.4895E-26 0.445263 0.352055 0.160715 0.000791 0.041755
3.1256E-02 5.6907E+03 1.8159E+00 9.7456E+00 1.1894E-01 5.5504E-26 0.893390 0.022717 0.000126 0.000791 0.083766
2.8797E-01 1.8033E+03 7.2524E+00 1.6436E+00 1.1743E-01 7.2161E-26 0.338814 0.546501 0.080698 0.001507 0.032396
1.9143E+00 1.7518E+04 7.1110E-01 7.6794E+00 1.1898E-01 7.3403E-26 0.828491 0.056071 0.037724 0.001507 0.077669
7.1680E-01 8.0320E+03 8.8988E+00 5.6172E+00 1.1736E-01 7.4107E-26 0.472339 0.458407 0.024896 0.001507 0.044312
5.3721E-02 1.8947E+03 5.6154E+00 8.3288E+00 1.1824E-01 6.2554E-26 0.721867 0.207425 0.002987 0.001507 0.067669
3.8021E-02 3.9289E+03 1.5531E+00 9.5450E+00 1.1865E-01 5.5243E-26 0.890225 0.025907 0.000394 0.001507 0.083472
4.5624E-02 6.9459E+02 3.9757E+00 2.7593E+00 1.1921E-01 6.4706E-26 0.512098 0.422324 0.015624 0.002082 0.047855
7.9492E-02 1.9013E+04 6.5163E-01 9.8095E+00 1.1941E-01 5.4423E-26 0.911248 0.003249 0.015624 0.002082 0.085428
1.0470E+00 5.8486E+03 5.6309E-01 5.4556E+00 1.1952E-01 8.2289E-26 0.728423 0.113261 0.089810 0.000138 0.068276
5.6435E-02 7.0542E+02 5.2119E+00 1.2748E+00 1.1802E-01 6.4889E-26 0.432395 0.500184 0.022984 0.002985 0.041427
1.1338E-01 1.8382E+03 9.0178E+00 5.2337E+00 1.1743E-01 6.4308E-26 0.442065 0.502002 0.013690 0.000242 0.041987
1.8587E+00 1.5339E+04 3.1178E+00 7.2641E+00 1.1836E-01 8.0946E-26 0.744125 0.144016 0.042048 0.000242 0.069760
4.3307E-02 1.7139E+03 8.7777E-01 8.6711E+00 1.1813E-01 5.6433E-26 0.852059 0.065557 0.002632 0.000242 0.079697
1.0707E-01 8.4842E+03 5.1711E+00 9.7501E+00 1.1734E-01 6.4412E-26 0.802090 0.122138 0.000574 0.000242 0.075197
7.0679E-02 9.9063E+03 9.7578E+00 8.2662E+00 1.1894E-01 6.4679E-26 0.559990 0.387309 0.000183 0.000242 0.052518
1.8107E-02 2.4413E+03 5.2650E-01 9.2505E+00 1.1881E-01 5.2692E-26 0.885772 0.030926 0.000243 0.000242 0.083057
1.6781E-01 2.0555E+03 8.6375E-01 7.6518E+00 1.1762E-01 6.5417E-26 0.823967 0.075120 0.023520 0.000329 0.077039
1.5064E+00 6.6432E+03 2.8709E+00 3.1381E+00 1.1888E-01 9.1578E-26 0.554642 0.263708 0.129359 0.000152 0.052008
1.5411E-01 1.6418E+03 9.5015E+00 1.4494E+00 1.1806E-01 5.8025E-26 0.227513 0.713953 0.034977 0.000790 0.022730
1.0375E+00 4.3011E+03 4.8073E+00 6.7395E-01 1.1796E-01 8.6744E-26 0.377952 0.432119 0.153788 0.000454 0.035529
3.3633E-02 8.8434E+02 5.4549E-01 6.6926E+00 1.1745E-01 6.0610E-26 0.728042 0.198862 0.005594 0.000454 0.067041
3.2311E-02 7.9495E+02 1.4516E+00 5.8276E+00 1.1869E-01 6.1564E-26 0.673975 0.257129 0.006307 0.000637 0.061946
4.9295E-01 3.9184E+03 9.4789E+00 7.2188E-01 1.1851E-01 6.0737E-26 0.182258 0.739953 0.060103 0.000215 0.017409
2.1823E-02 2.6520E+03 4.4536E+00 9.4116E+00 1.1783E-01 5.9538E-26 0.809517 0.114326 0.000265 0.000215 0.075890
4.6133E-02 2.6544E+03 5.4995E+00 9.0516E+00 1.1741E-01 6.2300E-26 0.761146 0.166348 0.001127 0.000215 0.071369
9.8501E-02 1.1204E+04 7.6059E+00 9.3725E+00 1.1778E-01 6.6740E-26 0.699967 0.234138 0.000269 0.000215 0.065626
6.2889E-02 5.7207E+03 7.6558E+00 8.9867E+00 1.1899E-01 6.4310E-26 0.682402 0.253156 0.000436 0.000215 0.064004
1.2578E-02 7.5860E+03 9.9099E-01 9.8155E+00 1.1795E-01 5.4024E-26 0.907051 0.007893 0.000436 0.000215 0.085044
1.2779E-02 1.2116E+03 4.3195E+00 8.0808E+00 1.1952E-01 5.7732E-26 0.733153 0.197870 0.000451 0.000215 0.068506
1.1696E-01 1.8229E+03 7.8926E+00 5.9610E+00 1.1937E-01 6.5639E-26 0.525737 0.409854 0.014508 0.000261 0.049624
1.5045E-01 1.3588E+04 5.4084E-01 9.6909E+00 1.1768E-01 5.5529E-26 0.909842 0.004347 0.000513 0.000261 0.085298
3.6766E-02 1.0531E+03 9.6963E+00 1.9488E+00 1.1853E-01 5.2543E-26 0.266604 0.699860 0.005419 0.000307 0.027805
7.7439E-02 9.4831E+02 7.7379E+00 2.0089E+00 1.1793E-01 6.1561E-26 0.354631 0.583450 0.025062 0.001785 0.035046
1.6374E-01 7.1647E+03 4.8271E+00 9.4774E+00 1.1778E-01 6.4940E-26 0.802402 0.120500 0.001867 0.001785 0.075227
1.0018E+00 4.0455E+03 1.0816E+00 2.6593E+00 1.1943E-01 9.0995E-26 0.580008 0.210609 0.154328 0.000519 0.054377
6.7147E-02 9.0115E+03 1.0502E+00 9.7540E+00 1.1805E-01 5.5332E-26 0.905501 0.009371 0.000233 0.000519 0.084894
5.2630E-02 1.1451E+03 7.7693E+00 5.3269E+00 1.1802E-01 6.1773E-26 0.495675 0.448796 0.007958 0.000380 0.047183
5.2377E-02 7.1574E+02 1.6884E+00 4.0499E+00 1.1791E-01 6.6512E-26 0.605045 0.318430 0.018796 0.002366 0.055343
1.5652E-02 9.0690E+02 1.8435E+00 7.1505E+00 1.1841E-01 5.8212E-26 0.722812 0.209007 0.001205 0.002366 0.066881
4.0347E-02 1.1027E+04 1.4004E+00 9.9124E+00 1.1800E-01 5.5886E-26 0.903654 0.011572 0.001205 0.002366 0.084719
4.1201E+00 1.4130E+04 1.2346E+00 9.3216E-01 1.1957E-01 9.8149E-26 0.491910 0.261535 0.200179 0.002366 0.046124
1.2555E-02 3.8134E+03 1.2567E+00 9.6435E+00 1.1809E-01 5.3876E-26 0.896033 0.019896 0.200179 0.002366 0.084024
3.2784E-02 5.7644E+02 1.8823E+00 5.0271E-01 1.1865E-01 6.7986E-26 0.500781 0.439846 0.011297 0.002152 0.045912
4.1399E-02 9.3973E+02 4.6071E+00 6.0999E+00 1.1776E-01 6.2568E-26 0.631509 0.301901 0.007248 0.000521 0.058814
2.6799E-01 3.6538E+03 9.4728E+00 5.1304E+00 1.1852E-01 6.6832E-26 0.418479 0.523381 0.018624 0.000521 0.039421
2.3687E+00 9.4336E+03 4.5574E+00 6.9802E-01 1.1835E-01 9.0280E-26 0.387666 0.414554 0.161158 0.000521 0.036367
3.0513E-02 4.0158E+03 4.5022E+00 9.6011E+00 1.1912E-01 5.9865E-26 0.819852 0.103048 0.000224 0.000521 0.076874
1.5052E-02 6.0079E+02 5.9979E-01 3.1607E+00 1.1769E-01 6.5055E-26 0.563865 0.382144 0.002314 0.000402 0.051271
2.7554E-02 6.3544E+03 6.0521E-01 9.6966E+00 1.1733E-01 5.3625E-26 0.908130 0.006639 0.002314 0.000402 0.085149
4.1590E-01 2.2956E+03 1.2132E+00 4.8614E+00 1.1766E-01 8.1803E-26 0.683913 0.159317 0.091675 0.001027 0.063974
4.7224E-02 7.2156E+02 6.7791E-01 4.5489E+00 1.1841E-01 6.5313E-26 0.636484 0.288205 0.015346 0.001896 0.058052
1.1029E-02 8.0722E+02 1.6535E+00 6.5113E+00 1.1904E-01 5.8336E-26 0.685033 0.250904 0.000758 0.001896 0.063231
1.8187E+00 6.6151E+03 7.5155E-01 1.8394E+00 1.1836E-01 9.5885E-26 0.547423 0.219558 0.181289 0.000215 0.051330
3.9540E-02 6.0669E+02 2.6697E+00 1.1466E+00 1.1810E-01 6.7232E-26 0.497544 0.438976 0.014903 0.002585 0.045976
1.9130E-01 3.0074E+03 9.9447E+00 4.8460E+00 1.1794E-01 6.3759E-26 0.379848 0.569428 0.014687 0.002585 0.035931
4.8987E-01 1.0667E+04 5.1813E-01 9.0129E+00 1.1765E-01 6.1067E-26 0.892000 0.016351 0.008013 0.002585 0.083624
1.9764E-01 1.8972E+03 5.8339E-01 6.9670E+00 1.1886E-01 6.7976E-26 0.799604 0.088313 0.036741 0.000612 0.074693
1.6128E+00 1.4736E+04 8.8716E+00 4.8329E+00 1.1863E-01 7.6814E-26 0.436028 0.486887 0.036152 0.000612 0.040888
1.1309E-02 2.3112E+03 4.0538E+00 9.3980E+00 1.1820E-01 5.8081E-26 0.818404 0.104789 0.036152 0.000612 0.076709
1.2564E+00 1.0859E+04 6.6551E-01 7.4660E+00 1.1796E-01 7.3922E-26 0.820578 0.060485 0.041952 0.000612 0.076925
4.0665E-02 2.2599E+03 4.3561E+00 9.0009E+00 1.1913E-01 5.9952E-26 0.794776 0.129465 0.001256 0.000612 0.074488
2.6054E-02 6.6010E+02 4.7385E+00 2.3695E+00 1.1769E-01 6.2869E-26 0.484278 0.463319 0.005876 0.000857 0.045663
3.4283E+00 1.2787E+04 9.0376E-01 2.3249E+00 1.1835E-01 9.7663E-26 0.565239 0.211470 0.170073 0.000857 0.052996
2.4896E-02 6.2774E+02 1.2622E+00 3.2725E+00 1.1913E-01 6.4376E-26 0.569197 0.372036 0.005810 0.000934 0.052016
9.4800E-01 4.5683E+03 3.8556E+00 3.4321E+00 1.1724E-01 8.8977E-26 0.541261 0.296332 0.111240 0.000288 0.050765
9.9447E-01 4.8212E+03 3.6274E+00 3.5042E+00 1.1935E-01 8.7789E-26 0.551821 0.284596 0.111458 0.000258 0.051753
1.3083E-02 7.1933E+02 7.4051E+00 9.0057E-01 1.1772E-01 5.6318E-26 0.377575 0.582982 0.001397 0.000171 0.037874
1.1689E+00 7.4880E+03 2.8888E+00 6.0128E+00 1.1764E-01 8.4212E-26 0.692372 0.175715 0.066878 0.000171 0.064906
2.2411E-01 3.4003E+03 7.7289E+00 6.8474E+00 1.1901E-01 6.9484E-26 0.578415 0.352713 0.014470 0.000171 0.054318
3.5459E+00 1.2440E+04 5.0961E-01 1.6424E+00 1.1842E-01 9.8469E-26 0.542889 0.215386 0.190569 0.000171 0.050902
2.5512E-01 3.7408E+03 1.9229E+00 8.3540E+00 1.1744E-01 6.6161E-26 0.835188 0.070195 0.016272 0.000171 0.078264
1.7771E-02 3.6971E+03 4.0885E+00 9.7335E+00 1.1738E-01 5.9460E-26 0.835064 0.086552 0.016272 0.000171 0.078294
1.2314E+00 4.6642E+03 9.2649E-01 2.0864E+00 1.1904E-01 9.3299E-26 0.555854 0.220187 0.171237 0.000426 0.052121
4.7042E-02 1.3708E+03 6.7198E+00 7.1338E+00 1.1735E-01 6.2715E-26 0.621690 0.315376 0.004370 0.000143 0.058417
1.7408E-02 7.6046E+02 2.0018E+00 5.7675E+00 1.1951E-01 5.9787E-26 0.651371 0.286285 0.002075 0.000228 0.060039
7.3183E-02 1.2383E+03 6.6369E+00 5.8650E+00 1.1940E-01 6.4025E-26 0.565540 0.367993 0.012650 0.000514 0.053290
1.7543E-02 6.0956E+02 1.1964E+00 3.0454E+00 1.1900E-01 6.4183E-26 0.558775 0.386549 0.003088 0.000523 0.051062
2.0641E+00 9.4970E+03 6.3963E+00 5.6992E-01 1.1864E-01 8.1930E-26 0.317377 0.519453 0.133174 0.000523 0.029788
2.6662E-02 6.0736E+02 1.3390E+00 2.6728E+00 1.1764E-01 6.6080E-26 0.551893 0.389667 0.006938 0.001191 0.050304
8.1707E-01 4.2144E+03 6.3822E+00 1.8040E+00 1.1925E-01 8.0212E-26 0.378530 0.477719 0.107705 0.000331 0.035604
1.2720E-01 1.2076E+04 3.4208E+00 9.9666E+00 1.1773E-01 6.1761E-26 0.860990 0.057876 0.000417 0.000331 0.080716
7.9130E-02 1.0367E+03 7.4648E+00 3.6055E+00 1.1825E-01 6.3600E-26 0.430588 0.505532 0.021199 0.001254 0.041405
1.6063E-02 1.4575E+03 4.3069E+00 8.5835E+00 1.1854E-01 5.8394E-26 0.764177 0.163837 0.000486 0.001254 0.071486
6.4087E-02 1.0027E+03 6.4374E+00 4.7502E+00 1.1954E-01 6.3357E-26 0.518802 0.416159 0.014972 0.000946 0.049105
3.5049E-02 2.8582E+03 6.1501E-01 9.2498E+00 1.1904E-01 5.3462E-26 0.890912 0.024888 0.000654 0.000946 0.083541
2.3038E-01 9.6100E+03 2.8659E+00 9.5872E+00 1.1858E-01 6.2004E-26 0.863059 0.053876 0.002152 0.000946 0.080911
2.7823E-02 2.5312E+03 5.0749E+00 9.1886E+00 1.1871E-01 6.0157E-26 0.781383 0.144877 0.000467 0.000946 0.073268
3.1767E-02 1.5326E+03 1.2586E+00 8.6232E+00 1.1822E-01 5.6396E-26 0.837134 0.082814 0.001775 0.000946 0.078229
1.4938E+00 1.7055E+04 1.6142E+00 8.3168E+00 1.1727E-01 7.2652E-26 0.833659 0.063667 0.024493 0.000946 0.078153
1.2881E-01 3.5973E+03 1.2316E+00 9.0146E+00 1.1776E-01 5.9161E-26 0.878192 0.034439 0.005027 0.000946 0.082316
1.4953E-02 7.8262E+02 8.2018E+00 1.6029E+00 1.1756E-01 5.5162E-26 0.353183 0.609236 0.001567 0.000162 0.035851
1.6235E-02 9.7613E+02 1.0256E+00 7.5840E+00 1.1741E-01 5.7572E-26 0.757117 0.171543 0.001129 0.000162 0.070134
7.3351E-01 1.4211E+04 5.0223E-01 8.9495E+00 1.1767E-01 6.2548E-26 0.888841 0.017936 0.009884 0.000162 0.083327
1.9358E-02 7.2451E+02 7.0086E+00 1.5451E+00 1.1952E-01 5.7256E-26 0.397074 0.560266 0.002955 0.000357 0.039344
1.0259E+00 4.5289E+03 3.3550E+00 2.7464E+00 1.1807E-01 9.0142E-26 0.522787 0.297004 0.130692 0.000345 0.049038
8.5579E-02 1.2760E+03 9.5887E+00 1.6470E+00 1.1887E-01 5.4876E-26 0.241957 0.713496 0.018974 0.000726 0.024827
3.0640E-02 1.9774E+03 4.0337E+00 9.0454E+00 1.1722E-01 5.9844E-26 0.801152 0.122872 0.000934 0.000726 0.075028
1.3830E-02 1.7386E+03 8.4347E+00 7.6528E+00 1.1808E-01 5.9635E-26 0.580493 0.364460 0.000247 0.000726 0.054794
1.2825E-02 4.1364E+03 2.0368E+00 9.6950E+00 1.1942E-01 5.4843E-26 0.886589 0.030234 0.000247 0.000726 0.083136
6.5834E-02 1.8201E+03 8.3497E+00 6.8495E+00 1.1745E-01 6.3373E-26 0.548910 0.394409 0.004794 0.000726 0.051796
1.9231E+00 7.3791E+03 3.5548E+00 9.0199E-01 1.1930E-01 9.1941E-26 0.427739 0.361664 0.170135 0.000160 0.040129
3.8964E+00 1.6534E+04 2.6639E+00 3.1772E+00 1.1903E-01 9.5978E-26 0.560233 0.253165 0.133917 0.000160 0.052526
2.2734E-01 1.2129E+04 3.1566E+00 9.7882E+00 1.1787E-01 6.2598E-26 0.861291 0.056661 0.001303 0.000160 0.080744
6.6732E-02 5.3857E+03 1.1536E+00 9.5440E+00 1.1867E-01 5.5294E-26 0.898906 0.016164 0.000645 0.000160 0.084283
7.5337E-01 1.8623E+04 7.7663E+00 8.5137E+00 1.1835E-01 7.2890E-26 0.654346 0.279091 0.005211 0.000160 0.061346
5.6499E-02 8.2316E+02 2.7775E+00 5.0804E+00 1.1816E-01 6.5236E-26 0.631454 0.291896 0.016813 0.001595 0.058224
3.2896E-02 7.9705E+02 3.5155E+00 5.3958E+00 1.1807E-01 6.2263E-26 0.619928 0.315612 0.006429 0.000645 0.057378
7.7957E-01 1.6426E+04 2.1045E+00 9.2376E+00 1.1731E-01 6.6395E-26 0.863108 0.048096 0.007873 0.000645 0.080914
1.4835E-01 5.9883E+03 3.2608E+00 9.4588E+00 1.1828E-01 6.1954E-26 0.848845 0.069271 0.002299 0.000645 0.079579
2.4655E-01 3.1158E+03 5.8157E+00 7.3050E+00 1.1723E-01 7.2207E-26 0.669641 0.247383 0.020046 0.000116 0.062793
1.1198E-01 1.3657E+03 8.5692E+00 3.4511E+00 1.1939E-01 6.2527E-26 0.373495 0.564733 0.024814 0.000825 0.036108
2.4584E-01 2.6609E+03 1.2633E+00 7.5260E+00 1.1887E-01 6.7565E-26 0.814151 0.080199 0.029156 0.000236 0.076227
7.4683E-01 1.9035E+04 8.1250E+00 8.3969E+00 1.1840E-01 7.2710E-26 0.635412 0.300098 0.004914 0.000236 0.059571
2.6636E+00 1.3944E+04 7.2586E-01 5.3985E+00 1.1732E-01 8.8271E-26 0.715146 0.122002 0.095687 0.000236 0.067044
3.6925E-02 6.6453E+02 1.3746E+00 3.6361E+00 1.1958E-01 6.4706E-26 0.586986 0.346440 0.011244 0.001629 0.053690
2.1122E+00 7.7605E+03 3.1526E+00 5.8690E-01 1.1871E-01 9.3389E-26 0.424377 0.352781 0.182690 0.000154 0.039811
2.3506E-01 8.7799E+03 9.6523E-01 9.4208E+00 1.1729E-01 5.8710E-26 0.897518 0.015501 0.002834 0.000154 0.084143
1.3826E+00 1.3479E+04 8.4958E+00 5.4944E+00 1.1903E-01 7.7164E-26 0.483538 0.439470 0.031610 0.000154 0.045342
1.7502E-02 1.0882E+03 7.8432E+00 6.1760E+00 1.1754E-01 5.8820E-26 0.527483 0.421271 0.001031 0.000154 0.050159
1.1122E+00 6.3453E+03 7.4444E+00 2.0210E+00 1.1839E-01 7.8248E-26 0.350155 0.526138 0.090605 0.000117 0.032893
3.0803E-02 6.9330E+02 6.1486E+00 1.2904E+00 1.1794E-01 6.0762E-26 0.416679 0.534071 0.007670 0.001018 0.040553
5.4122E-02 9.4327E+02 5.2953E+00 5.4067E+00 1.1769E-01 6.4046E-26 0.583409 0.349173 0.011969 0.000856 0.054580
2.5233E+00 1.2081E+04 6.0076E-01 4.7633E+00 1.1760E-01 9.0232E-26 0.688313 0.135190 0.111817 0.000856 0.064529
1.9487E-01 2.3519E+03 8.4806E+00 5.1603E+00 1.1856E-01 6.7935E-26 0.463222 0.469440 0.023333 0.000246 0.043735
3.7876E-01 3.1617E+03 9.5627E+00 7.0379E-01 1.1818E-01 5.9457E-26 0.177269 0.749626 0.055625 0.000313 0.017110
1.3342E-02 7.4148E+02 3.3670E+00 5.3884E+00 1.1850E-01 6.0010E-26 0.610157 0.331899 0.001281 0.000148 0.056514
2.2547E+00 1.1165E+04 7.5687E-01 4.9258E+00 1.1830E-01 8.8820E-26 0.693353 0.135326 0.106172 0.000148 0.065001
3.0004E+00 1.1474E+04 1.4204E+00 2.3709E+00 1.1896E-01 9.6565E-26 0.555044 0.229130 0.163558 0.000148 0.052041
2.8098E-02 6.2334E+02 3.9175E+00 1.2996E+00 1.1939E-01 6.3761E-26 0.479129 0.467051 0.007565 0.001236 0.045010
2.4002E-01 5.8491E+03 6.3979E+00 8.5647E+00 1.1864E-01 6.8473E-26 0.709769 0.217959 0.005704 0.001236 0.066554
1.0837E-02 7.9252E+02 1.6188E+00 6.4331E+00 1.1817E-01 5.8873E-26 0.679907 0.256592 0.000753 0.001236 0.062672
8.1929E-02 4.9601E+03 3.2005E+00 9.6138E+00 1.1749E-01 6.0436E-26 0.855818 0.062897 0.001048 0.001236 0.080234
2.7670E-02 9.1129E+02 3.8607E+00 6.4792E+00 1.1901E-01 6.0298E-26 0.662584 0.271981 0.003589 0.000274 0.061570
1.8947E-02 5.6023E+02 9.1234E-01 1.0058E+00 1.1760E-01 6.7917E-26 0.520747 0.427137 0.004047 0.000805 0.047260
4.0139E-02 1.7481E+03 8.8509E+00 6.8018E+00 1.1895E-01 6.0357E-26 0.523016 0.425390 0.002032 0.000805 0.049520
1.0756E-01 1.3775E+03 8.8698E+00 3.2880E+00 1.1910E-01 6.1407E-26 0.352031 0.590058 0.022929 0.000748 0.034210
5.6880E-02 8.5087E+02 4.4710E+00 4.7475E+00 1.1797E-01 6.4988E-26 0.577202 0.351590 0.016006 0.001418 0.053767
1.7285E+00 1.2478E+04 1.2397E+00 6.8654E+00 1.1858E-01 7.9435E-26 0.776490 0.094689 0.055954 0.001418 0.072793
8.7211E-02 1.6063E+03 8.8794E+00 5.3548E+00 1.1747E-01 6.3202E-26 0.453228 0.492569 0.010808 0.000254 0.043130
3.1542E+00 1.2738E+04 2.5708E+00 2.5871E+00 1.1862E-01 9.6163E-26 0.535241 0.266989 0.147391 0.000254 0.050185
4.0132E-02 7.2724E+02 2.1936E+00 4.4845E+00 1.1934E-01 6.3748E-26 0.609392 0.322005 0.011214 0.001359 0.056018
5.4213E-01 4.0354E+03 9.2429E+00 8.3335E-01 1.1801E-01 6.3267E-26 0.202242 0.712451 0.065777 0.000221 0.019241
5.7268E-01 3.8211E+03 4.9552E+00 5.2330E+00 1.1752E-01 8.1909E-26 0.596037 0.284618 0.063146 0.000238 0.055896
2.3075E-01 1.5003E+03 4.9009E+00 3.7442E+00 1.1897E-01 7.6512E-26 0.526017 0.352039 0.070509 0.001945 0.049416
1.8230E-02 6.3903E+02 5.0966E+00 1.5347E+00 1.1758E-01 6.1980E-26 0.460048 0.492564 0.003132 0.000485 0.043768
1.2894E-01 1.1361E+03 8.0342E+00 8.2090E-01 1.1780E-01 6.1989E-26 0.279627 0.642203 0.047664 0.002348 0.028108
4.1367E+00 1.6234E+04 7.1420E-01 2.9845E+00 1.1913E-01 9.6388E-26 0.600687 0.186955 0.155855 0.002348 0.056318
3.3396E-01 5.4045E+03 1.9094E+00 8.6079E+00 1.1810E-01 6.5516E-26 0.847389 0.059637 0.013504 0.002348 0.079432
1.3385E-02 3.2514E+03 1.1522E+00 9.5648E+00 1.1790E-01 5.3755E-26 0.892967 0.023224 0.013504 0.002348 0.083736
2.5833E-01 2.0439E+03 8.9721E+00 6.0927E-01 1.1860E-01 6.0644E-26 0.205722 0.712615 0.060483 0.000862 0.020256
3.9834E-02 7.4870E+02 6.7522E+00 1.4635E+00 1.1879E-01 5.9827E-26 0.392767 0.556156 0.011101 0.001269 0.038694
1.6471E+00 8.4951E+03 7.4149E+00 5.5958E-01 1.1831E-01 7.6348E-26 0.276059 0.584078 0.113737 0.001269 0.025930
1.4789E+00 6.6792E+03 2.0443E+00 3.7710E+00 1.1774E-01 9.1723E-26 0.606608 0.213079 0.123173 0.000143 0.056871
1.3983E+00 1.9055E+04 6.6774E-01 8.5171E+00 1.1898E-01 6.6860E-26 0.867983 0.031937 0.018687 0.000143 0.081371
5.4660E-02 5.9812E+02 7.6539E-01 1.0830E+00 1.1804E-01 7.0597E-26 0.523347 0.396440 0.027630 0.004978 0.047576
1.1725E-02 1.4065E+03 9.2356E+00 6.4322E+00 1.1879E-01 5.7213E-26 0.482980 0.470581 0.000284 0.004978 0.046146
2.5784E+00 1.4587E+04 6.5218E-01 5.8599E+00 1.1739E-01 8.5788E-26 0.739411 0.106831 0.084336 0.004978 0.069319
2.1649E+00 9.4346E+03 5.4995E+00 1.2179E+00 1.1740E-01 8.8391E-26 0.383001 0.443307 0.137544 0.004978 0.035931
4.4618E-02 3.4170E+03 2.5092E+00 9.4597E+00 1.1922E-01 5.7118E-26 0.867560 0.050405 0.000694 0.004978 0.081338
3.9994E-01 2.5853E+03 3.5194E+00 5.2533E+00 1.1848E-01 7.9954E-26 0.641705 0.228844 0.068663 0.000595 0.060122
2.2213E-01 5.2987E+03 1.3002E+00 8.9582E+00 1.1926E-01 6.0230E-26 0.878015 0.032887 0.006767 0.000595 0.082312
3.6985E-01 4.2119E+03 9.5610E+00 4.3221E+00 1.1850E-01 6.7282E-26 0.373500 0.564709 0.026503 0.000595 0.035180
5.9435E-02 1.3833E+03 8.2496E-01 7.9939E+00 1.1775E-01 5.9433E-26 0.818997 0.097222 0.007218 0.000232 0.076324
1.7354E-02 8.7741E+02 1.7396E+00 6.8929E+00 1.1902E-01 5.8400E-26 0.712091 0.220366 0.001579 0.000130 0.065833
1.5737E-01 8.0862E+03 7.2204E-01 9.4267E+00 1.1908E-01 5.5906E-26 0.903534 0.010180 0.001573 0.000130 0.084711
2.0854E-02 1.0177E+03 1.3619E+00 7.6156E+00 1.1835E-01 5.7656E-26 0.762051 0.165450 0.001708 0.000104 0.070685
3.1801E-01 1.9314E+03 6.1585E+00 2.7766E+00 1.1919E-01 7.6281E-26 0.435601 0.440676 0.081173 0.001311 0.041155
2.2477E-01 1.0101E+04 2.0250E+00 9.6493E+00 1.1727E-01 6.0665E-26 0.883622 0.031642 0.001895 0.001311 0.082838
1.5725E-01 5.8767E+03 5.7293E-01 9.2383E+00 1.1834E-01 5.6659E-26 0.899657 0.013054 0.002933 0.001311 0.084349
2.1049E-01 2.8816E+03 7.8766E+00 6.3598E+00 1.1829E-01 6.9621E-26 0.548363 0.382229 0.017722 0.000121 0.051547
7.6046E-01 3.7292E+03 2.0745E+00 4.1458E+00 1.1826E-01 8.7022E-26 0.626225 0.204908 0.109623 0.000437 0.058693
2.4850E-02 8.0776E+02 2.7960E+00 5.9416E+00 1.1883E-01 6.0624E-26 0.654090 0.281440 0.003678 0.000358 0.060429
1.6389E-02 6.1897E+02 4.9329E+00 5.5929E-01 1.1769E-01 6.2361E-26 0.452168 0.501655 0.002690 0.000442 0.043042
5.6070E-02 9.1046E+02 2.5862E+00 6.0052E+00 1.1766E-01 6.4345E-26 0.678593 0.243967 0.013719 0.001057 0.062649
1.1215E-02 2.8743E+03 2.7957E+00 9.5888E+00 1.1859E-01 5.6175E-26 0.862079 0.057034 0.013719 0.001057 0.080824
3.8865E-01 2.0029E+04 3.9552E+00 9.8615E+00 1.1837E-01 6.5302E-26 0.840130 0.079770 0.001339 0.001057 0.078759
4.3053E-02 1.1525E+03 1.8966E+00 7.6799E+00 1.1745E-01 6.0329E-26 0.773551 0.148942 0.005392 0.000254 0.071856
4.3689E-01 2.9830E+03 6.5249E+00 4.1554E+00 1.1800E-01 7.8166E-26 0.490942 0.399363 0.063081 0.000403 0.046146
5.0731E-01 4.8286E+03 3.6395E+00 7.2719E+00 1.1841E-01 7.5268E-26 0.736169 0.160815 0.033900 0.000403 0.069004
3.6449E-01 1.2980E+04 3.4228E+00 9.5439E+00 1.1923E-01 6.4245E-26 0.845580 0.072296 0.002849 0.000403 0.079271
1.0029E-01 8.0903E+03 9.4487E-01 9.6439E+00 1.1774E-01 5.5882E-26 0.904302 0.010276 0.000639 0.000403 0.084782
3.7560E-01 3.7566E+03 7.0468E+00 6.0363E+00 1.1856E-01 7.4484E-26 0.564852 0.350975 0.031002 0.000121 0.053019
8.1701E-02 1.4760E+04 5.6046E-01 9.7895E+00 1.1795E-01 5.4667E-26 0.911255 0.003184 0.000130 0.000121 0.085430
1.2464E-02 6.8297E+03 5.9950E+00 9.7777E+00 1.1821E-01 6.2658E-26 0.777475 0.149615 0.000130 0.000121 0.072897
3.4805E-02 7.9253E+02 1.7870E+00 5.6563E+00 1.1898E-01 6.1938E-26 0.663614 0.267288 0.007312 0.000743 0.061035
1.1153E-01 9.7330E+02 4.3426E+00 4.0310E+00 1.1753E-01 7.1058E-26 0.554803 0.348113 0.042387 0.002884 0.051769
2.6239E-02 9.9635E+02 2.2160E+00 7.3160E+00 1.1911E-01 5.8803E-26 0.737998 0.190612 0.002764 0.000175 0.068447
1.4961E+00 8.8519E+03 1.1223E+00 5.8573E+00 1.1911E-01 8.3129E-26 0.731988 0.119813 0.079448 0.000175 0.068620
7.9097E-01 4.0211E+03 6.0458E+00 1.9996E+00 1.1923E-01 8.1475E-26 0.400582 0.452186 0.109084 0.000371 0.037666
2.5785E-02 4.1100E+03 5.8305E-01 9.5495E+00 1.1751E-01 5.3354E-26 0.902535 0.012658 0.000171 0.000371 0.084635
7.5667E-02 1.0863E+03 9.0169E+00 1.6149E+00 1.1754E-01 5.7121E-26 0.278469 0.672370 0.019678 0.001054 0.028408
7.0596E-02 3.3106E+03 2.3692E+00 9.2944E+00 1.1867E-01 5.8398E-26 0.864183 0.052989 0.001808 0.001054 0.081009
1.6301E-01 1.5206E+03 1.0824E+00 6.5759E+00 1.1810E-01 6.9196E-26 0.765468 0.124006 0.038168 0.001016 0.071304
1.6315E+00 9.7442E+03 4.9065E+00 5.0108E+00 1.1749E-01 8.7853E-26 0.584554 0.286718 0.073808 0.001016 0.054808
4.5918E-02 6.8564E+02 4.3181E+00 2.4031E+00 1.1749E-01 6.5455E-26 0.492752 0.442792 0.016057 0.002196 0.046186
2.2638E-02 7.1082E+02 6.5419E-01 5.1776E+00 1.1891E-01 6.1638E-26 0.642374 0.294434 0.003897 0.000490 0.058800
1.1717E-02 1.0117E+03 1.0099E+00 7.7792E+00 1.1834E-01 5.6310E-26 0.766473 0.161780 0.000560 0.000490 0.071153
1.3860E-02 5.4905E+02 5.6566E-01 5.9790E-01 1.1776E-01 6.8521E-26 0.518405 0.431992 0.002247 0.000462 0.046891
2.4188E-02 9.0251E+02 9.1715E+00 7.0789E-01 1.1791E-01 5.1352E-26 0.273166 0.694202 0.003287 0.000255 0.029086
8.6340E-01 1.5449E+04 5.2805E-01 8.8371E+00 1.1872E-01 6.3013E-26 0.885140 0.020365 0.011502 0.000255 0.082980
2.0861E-02 7.4964E+02 6.3843E-01 5.7475E+00 1.1884E-01 6.0509E-26 0.666452 0.269027 0.003028 0.000342 0.061148
4.4817E-01 2.5960E+03 3.2661E+00 4.6570E+00 1.1870E-01 8.1969E-26 0.619763 0.238087 0.083273 0.000717 0.058075
6.1561E-02 1.1826E+03 9.8842E+00 5.4303E-01 1.1752E-01 5.0585E-26 0.193334 0.772594 0.012446 0.000556 0.021057
2.5380E+00 1.1071E+04 4.1661E+00 2.5295E+00 1.1838E-01 9.3057E-26 0.488073 0.335464 0.130511 0.000556 0.045767
1.4840E+00 1.5571E+04 9.2258E-01 8.0262E+00 1.1852E-01 7.1391E-26 0.839862 0.051862 0.029505 0.000556 0.078735
1.9644E-02 5.8310E+02 2.9226E+00 7.2519E-01 1.1857E-01 6.5456E-26 0.493034 0.456397 0.004154 0.000767 0.045644
8.7332E-02 7.1640E+03 5.7585E-01 9.5848E+00 1.1726E-01 5.5028E-26 0.907096 0.007229 0.000627 0.000767 0.085047
2.8891E-01 1.9176E+04 4.8487E+00 9.9370E+00 1.1749E-01 6.6508E-26 0.816033 0.106673 0.000792 0.000767 0.076501
1.5695E+00 9.4499E+03 1.5078E+00 5.9623E+00 1.1837E-01 8.4019E-26 0.726141 0.129735 0.075932 0.000767 0.068072
3.4289E-02 8.8722E+02 1.7706E+00 6.5994E+00 1.1746E-01 6.1289E-26 0.709186 0.219245 0.005711 0.000461 0.065391
8.0951E-02 9.2537E+03 6.3597E-01 9.6081E+00 1.1944E-01 5.3962E-26 0.908763 0.005705 0.000329 0.000461 0.085202
5.4187E-02 1.8497E+03 2.4596E+00 8.6822E+00 1.1872E-01 5.9054E-26 0.827540 0.091587 0.003377 0.000461 0.077433
3.1836E-01 1.1501E+04 5.4909E+00 9.3767E+00 1.1833E-01 6.7713E-26 0.775058 0.149650 0.002627 0.000461 0.072662
1.3523E-02 5.6392E+02 1.2111E+00 1.2850E+00 1.1785E-01 6.6813E-26 0.521711 0.428315 0.002076 0.000406 0.047489
4.8764E-01 3.9040E+03 9.2340E+00 1.8780E+00 1.1895E-01 6.5235E-26 0.258581 0.661497 0.055167 0.000199 0.024500
5.8627E-02 6.1153E+02 1.7668E+00 7.7642E-01 1.1856E-01 7.0055E-26 0.500137 0.418046 0.030556 0.005285 0.045943
2.6837E-02 3.2632E+03 4.3515E+00 9.5747E+00 1.1744E-01 6.0095E-26 0.820593 0.102210 0.000262 0.005285 0.076934
8.2873E-02 7.6084E+02 5.4130E-01 3.8378E+00 1.1853E-01 6.9989E-26 0.626251 0.273157 0.039044 0.004399 0.057107
1.3230E+00 5.8289E+03 1.5823E+00 3.5564E+00 1.1910E-01 9.0633E-26 0.609402 0.202314 0.130815 0.000202 0.057132
5.9905E-01 9.4708E+03 1.8488E+00 8.6642E+00 1.1943E-01 6.6260E-26 0.850799 0.055417 0.014002 0.000202 0.079759
1.0107E+00 4.4269E+03 2.6968E+00 2.9561E+00 1.1858E-01 9.0190E-26 0.551467 0.263669 0.132644 0.000368 0.051716
1.2366E+00 5.0488E+03 7.2260E-01 3.0507E+00 1.1859E-01 9.1919E-26 0.606627 0.186164 0.149873 0.000315 0.056868
1.0356E-01 1.2612E+03 7.2438E-01 6.8687E+00 1.1826E-01 6.4952E-26 0.776772 0.126169 0.023961 0.000942 0.072131
2.9544E-02 5.8861E+03 4.8253E+00 9.8074E+00 1.1831E-01 6.1211E-26 0.817504 0.105752 0.023961 0.000942 0.076648
1.1380E-02 1.1891E+03 1.0219E+00 8.3408E+00 1.1797E-01 5.5405E-26 0.803868 0.120828 0.000387 0.000942 0.074899
1.0665E-02 6.1493E+02 3.0427E+00 2.8288E+00 1.1787E-01 6.2959E-26 0.528588 0.421183 0.001148 0.000190 0.048890
1.1636E-02 3.6103E+03 9.6320E+00 8.0365E+00 1.1765E-01 6.1539E-26 0.551814 0.396266 0.001148 0.000190 0.051881
3.7577E-02 5.7981E+03 9.4388E+00 8.2680E+00 1.1880E-01 6.3200E-26 0.573543 0.372477 0.000154 0.000190 0.053825
2.7235E+00 9.2385E+03 7.4853E-01 1.0273E+00 1.1742E-01 9.8839E-26 0.508578 0.240757 0.202650 0.000118 0.047689
1.2835E-02 8.3061E+02 4.1378E+00 6.2755E+00 1.1740E-01 5.9568E-26 0.635462 0.304453 0.000948 0.000118 0.059049
2.7660E+00 1.1880E+04 4.9316E+00 1.7405E+00 1.1777E-01 9.1659E-26 0.427136 0.395913 0.136708 0.000118 0.040057
5.1730E-02 6.6459E+02 4.0372E+00 1.5002E+00 1.1827E-01 6.6285E-26 0.472763 0.458301 0.021362 0.003119 0.044431
1.5019E+00 7.6646E+03 6.8801E+00 1.5152E+00 1.1815E-01 8.1288E-26 0.347326 0.510817 0.109045 0.003119 0.032607
6.0520E-02 7.8830E+02 6.9108E+00 5.8697E-01 1.1861E-01 6.0455E-26 0.350999 0.588824 0.022668 0.002353 0.035131
8.1593E-01 9.9010E+03 5.8376E-01 8.1715E+00 1.1932E-01 6.6769E-26 0.858633 0.037261 0.023577 0.002353 0.080494
3.5682E+00 1.3259E+04 1.0862E+00 2.2511E+00 1.1797E-01 9.8266E-26 0.557109 0.220111 0.170327 0.002353 0.052234
3.3414E-02 6.5236E+02 6.9755E-01 3.7518E+00 1.1867E-01 6.5084E-26 0.595743 0.339048 0.009523 0.001428 0.054248
3.8305E-02 3.5122E+03 1.4740E+00 9.4705E+00 1.1871E-01 5.5127E-26 0.888317 0.027887 0.000501 0.001428 0.083292
2.9165E-01 5.7806E+03 3.1292E+00 8.8798E+00 1.1796E-01 6.6152E-26 0.826997 0.086534 0.008921 0.001428 0.077525
5.2512E-01 1.0234E+04 1.3555E+00 8.9478E+00 1.1867E-01 6.3551E-26 0.873555 0.034926 0.009611 0.001428 0.081893
2.4207E-02 1.0899E+03 7.4170E+00 6.2448E+00 1.1767E-01 5.9743E-26 0.547913 0.398150 0.001933 0.000102 0.051900
1.4215E+00 1.2230E+04 4.0938E+00 7.2095E+00 1.1754E-01 8.1266E-26 0.713981 0.180513 0.038521 0.000102 0.066935
2.3616E-02 1.0451E+03 7.4952E-01 7.7276E+00 1.1723E-01 5.7794E-26 0.776540 0.149251 0.002070 0.000119 0.072018
1.1350E+00 4.4902E+03 7.3455E-01 2.6452E+00 1.1891E-01 9.2147E-26 0.587367 0.198023 0.158954 0.000428 0.055065
5.9572E-01 3.0438E+03 5.3611E-01 4.7180E+00 1.1787E-01 8.4080E-26 0.692939 0.137099 0.104327 0.000641 0.064887
5.1663E+00 1.9421E+04 3.0467E+00 1.3742E+00 1.1957E-01 9.6793E-26 0.465008 0.321976 0.169224 0.000641 0.043600
1.1803E+00 5.2844E+03 6.3478E-01 3.9410E+00 1.1852E-01 8.9348E-26 0.651566 0.158576 0.128409 0.000244 0.061074
4.9963E-02 1.0556E+03 6.8958E+00 5.5044E+00 1.1770E-01 6.2539E-26 0.535999 0.404498 0.008344 0.000472 0.050678
4.7705E-02 1.1187E+03 1.6006E+00 7.4257E+00 1.1862E-01 6.0286E-26 0.768717 0.152538 0.007027 0.000352 0.071359
1.0660E-01 2.9313E+03 1.4266E+00 8.9088E+00 1.1802E-01 5.9214E-26 0.868744 0.044626 0.005180 0.000352 0.081410
8.6704E-02 1.2844E+04 2.3480E+00 9.9629E+00 1.1870E-01 5.8522E-26 0.887710 0.028888 0.000181 0.000352 0.083222
1.5854E+00 5.8126E+03 1.5161E+00 1.5803E+00 1.1800E-01 9.5463E-26 0.516226 0.255899 0.179000 0.000279 0.048413
4.2499E-02 1.2022E+03 2.6013E+00 7.7157E+00 1.1911E-01 5.9909E-26 0.764726 0.159011 0.004862 0.000209 0.071187
8.3947E-02 1.3165E+04 2.6176E+00 9.9854E+00 1.1892E-01 5.8988E-26 0.882587 0.034511 0.000160 0.000209 0.082741
1.8040E-02 1.2331E+04 1.2600E+00 9.9427E+00 1.1817E-01 5.5308E-26 0.906250 0.008780 0.000160 0.000209 0.084961
2.0380E+00 1.0909E+04 1.3006E+00 5.3392E+00 1.1871E-01 8.7193E-26 0.700390 0.141237 0.092582 0.000209 0.065660
1.7202E-02 5.9643E+03 9.3211E+00 8.5058E+00 1.1829E-01 6.3277E-26 0.589932 0.354682 0.092582 0.000209 0.055355
1.5536E+00 5.8546E+03 3.5259E+00 5.4545E-01 1.1873E-01 9.1346E-26 0.411424 0.372370 0.177137 0.000272 0.038616
2.5644E-01 5.7046E+03 9.5899E+00 6.7749E+00 1.1751E-01 6.7576E-26 0.496934 0.449462 0.006935 0.000272 0.046652
6.8877E-02 1.0277E+03 2.6816E+00 6.3476E+00 1.1897E-01 6.4351E-26 0.700405 0.217506 0.016191 0.000973 0.064909
1.3213E-02 7.7400E+02 6.6144E+00 4.1185E+00 1.1846E-01 5.8451E-26 0.482975 0.469448 0.001182 0.000125 0.046269
5.3443E-02 6.0858E+02 1.4267E+00 1.0690E+00 1.1948E-01 6.9034E-26 0.513708 0.408541 0.026107 0.004543 0.047072
2.9036E+00 1.6646E+04 7.3403E+00 2.7704E+00 1.1945E-01 8.3088E-26 0.394569 0.483499 0.084831 0.004543 0.037001
4.7583E-01 3.2346E+03 6.9610E-01 6.1762E+00 1.1942E-01 7.5883E-26 0.762918 0.099613 0.065595 0.000353 0.071454
5.4282E-01 1.3482E+04 2.0095E+00 9.2448E+00 1.1956E-01 6.3285E-26 0.870203 0.042265 0.005945 0.000353 0.081580
1.2662E-02 5.4043E+03 4.2996E+00 9.8899E+00 1.1805E-01 5.9893E-26 0.836454 0.085099 0.005945 0.000353 0.078425
4.0834E-02 1.1858E+03 2.3598E+00 7.7999E+00 1.1744E-01 6.0337E-26 0.770748 0.152791 0.004582 0.000203 0.071671
9.1115E-02 5.1097E+03 9.6831E-01 9.4193E+00 1.1841E-01 5.5837E-26 0.898121 0.016345 0.001322 0.000203 0.084208
4.4344E-02 1.5611E+03 6.8015E+00 7.6117E+00 1.1750E-01 6.2494E-26 0.643242 0.293251 0.003004 0.000203 0.060425
1.6056E-02 6.3528E+02 5.1181E+00 1.1518E+00 1.1890E-01 6.1127E-26 0.453999 0.499728 0.002497 0.000390 0.043384
1.9055E-01 1.1679E+04 4.9147E+00 9.7817E+00 1.1733E-01 6.5540E-26 0.809996 0.113124 0.000943 0.000390 0.075936
5.3011E-01 8.2936E+03 4.4383E+00 8.5504E+00 1.1735E-01 7.1911E-26 0.770595 0.143969 0.013172 0.000390 0.072241
1.4325E+00 6.2419E+03 4.2248E+00 2.2202E+00 1.1789E-01 9.0673E-26 0.471658 0.350036 0.133745 0.000179 0.044246
1.5051E-01 1.3768E+04 3.5751E+00 9.9277E+00 1.1913E-01 6.1754E-26 0.856430 0.062831 0.000449 0.000179 0.080289
2.2005E-01 2.4154E+03 9.5172E+00 3.1877E+00 1.1933E-01 6.2725E-26 0.312690 0.626571 0.030529 0.000304 0.029875
1.6638E-02 1.1895E+03 4.5079E+00 7.9761E+00 1.1794E-01 5.8972E-26 0.722303 0.209442 0.000777 0.000304 0.067444
6.8967E-01 4.7102E+03 7.0248E+00 4.1165E+00 1.1821E-01 7.9247E-26 0.471117 0.422039 0.062396 0.000151 0.044233
1.0079E+00 6.8065E+03 8.9365E+00 8.4586E-01 1.1897E-01 6.6554E-26 0.219305 0.683742 0.076133 0.000151 0.020658
6.5038E-01 5.7865E+03 7.0581E+00 5.8133E+00 1.1807E-01 7.7852E-26 0.553390 0.357079 0.037523 0.000151 0.051911
1.0789E-02 6.1725E+02 3.3744E+00 2.7588E+00 1.1741E-01 6.2961E-26 0.521820 0.428444 0.001165 0.000192 0.048378
6.8893E-01 4.9064E+03 1.4893E+00 6.5416E+00 1.1820E-01 7.7890E-26 0.758643 0.111654 0.058414 0.000130 0.071100
1.4172E-01 1.1120E+04 7.0072E+00 9.3803E+00 1.1906E-01 6.6293E-26 0.723509 0.208089 0.000569 0.000130 0.067833
1.5833E+00 5.7493E+03 1.5824E+00 1.3683E+00 1.1855E-01 9.5114E-26 0.504549 0.264544 0.183107 0.000292 0.047321
6.9964E-02 5.1104E+03 9.6353E+00 7.8579E+00 1.1814E-01 6.3699E-26 0.545257 0.402864 0.000683 0.000292 0.051194
9.8246E-01 2.0680E+04 4.4314E+00 9.1928E+00 1.1815E-01 7.1377E-26 0.796255 0.121750 0.007340 0.000292 0.074647
2.3848E-02 1.4938E+04 7.3760E-01 9.8791E+00 1.1824E-01 5.4351E-26 0.910997 0.003587 0.007340 0.000292 0.085406
1.4188E-02 5.9296E+02 3.7194E+00 1.0067E+00 1.1736E-01 6.4326E-26 0.485117 0.467134 0.002138 0.000381 0.045227
9.3546E-01 1.5950E+04 2.7751E+00 8.9625E+00 1.1802E-01 6.9501E-26 0.834675 0.075579 0.011484 0.000381 0.078248
2.6108E-01 2.2151E+03 3.0617E+00 6.4302E+00 1.1932E-01 7.3431E-26 0.713582 0.175558 0.043506 0.000522 0.066787
1.2742E-02 7.0500E+02 6.9724E+00 1.2202E+00 1.1922E-01 5.6801E-26 0.398006 0.560955 0.001369 0.000174 0.039494
3.1551E-02 1.1151E+03 9.3080E+00 4.1568E+00 1.1916E-01 5.6161E-26 0.374536 0.585112 0.003331 0.000167 0.036849
7.6669E-01 8.0696E+03 6.4659E-01 7.8344E+00 1.1955E-01 6.8669E-26 0.842790 0.047702 0.030448 0.000167 0.079006
1.6912E-01 1.0269E+04 5.4818E+00 9.6135E+00 1.1855E-01 6.5383E-26 0.786609 0.138681 0.000963 0.000167 0.073745
1.1037E-02 2.5400E+03 7.7082E-01 9.3664E+00 1.1858E-01 5.2724E-26 0.886812 0.029946 0.000963 0.000167 0.083159
9.9819E-01 2.2107E+04 8.6758E+00 8.0360E+00 1.1722E-01 7.4482E-26 0.597076 0.340587 0.006354 0.000167 0.055977
4.8011E+00 1.6625E+04 2.3519E+00 6.1917E-01 1.1725E-01 9.9064E-26 0.448472 0.314553 0.194692 0.000167 0.042052
2.8929E-01 1.2088E+04 8.3023E+00 8.6791E+00 1.1775E-01 6.9312E-26 0.641795 0.296110 0.001918 0.000167 0.060174
2.5092E-02 5.9720E+02 3.2890E+00 9.1329E-01 1.1840E-01 6.5229E-26 0.486896 0.460205 0.006450 0.001142 0.045299
2.0299E-02 1.3954E+03 7.5529E+00 7.3260E+00 1.1886E-01 5.9430E-26 0.597658 0.345094 0.000831 0.001142 0.056389
1.9685E-02 2.8137E+03 7.2786E-01 9.4085E+00 1.1765E-01 5.3471E-26 0.891127 0.025100 0.000213 0.001142 0.083559
8.7829E-01 6.4570E+03 8.9168E+00 2.4072E+00 1.1835E-01 7.1041E-26 0.306210 0.604668 0.060195 0.001142 0.028790
6.6973E-01 1.1516E+04 8.1781E+00 7.5652E+00 1.1793E-01 7.3599E-26 0.595244 0.338270 0.010660 0.001142 0.055812
5.3155E-02 6.9480E+02 4.5041E+00 1.9411E+00 1.1856E-01 6.5483E-26 0.472513 0.459222 0.020864 0.002789 0.044590
9.4251E-01 8.4094E+03 4.4919E+00 7.1001E+00 1.1789E-01 7.9492E-26 0.699132 0.198675 0.036587 0.002789 0.065543
1.1047E+00 1.0130E+04 2.7563E+00 7.5288E+00 1.1861E-01 7.6790E-26 0.770170 0.121700 0.035877 0.002789 0.072200
5.0065E-01 3.8557E+03 7.9182E+00 3.9603E+00 1.1796E-01 7.4931E-26 0.428424 0.479155 0.051881 0.000192 0.040294
1.3124E-02 5.8836E+02 2.6800E+00 1.5969E+00 1.1901E-01 6.4233E-26 0.510128 0.440545 0.001863 0.000337 0.047126
1.7635E+00 6.4703E+03 2.5093E+00 1.0596E+00 1.1803E-01 9.4882E-26 0.465176 0.310754 0.180028 0.000223 0.043635
1.4438E-01 1.4045E+03 7.3392E+00 4.0330E+00 1.1839E-01 6.8359E-26 0.453818 0.466372 0.035545 0.001118 0.043110
1.3493E+00 1.0020E+04 5.8277E-01 6.9367E+00 1.1835E-01 7.6723E-26 0.797655 0.072770 0.054717 0.001118 0.074776
3.9129E-02 1.2331E+03 1.8740E+00 7.9760E+00 1.1784E-01 5.9230E-26 0.789756 0.132613 0.003964 0.000162 0.073502
5.9654E-02 2.0950E+03 6.4742E+00 8.2302E+00 1.1771E-01 6.3583E-26 0.688506 0.243884 0.002962 0.000162 0.064605
2.7303E-01 2.6030E+03 8.8878E+00 3.7344E+00 1.1735E-01 6.8423E-26 0.374231 0.552910 0.037062 0.000315 0.035444
1.4043E-02 7.2142E+03 5.0813E+00 9.8684E+00 1.1933E-01 6.1086E-26 0.812473 0.111337 0.037062 0.000315 0.076176
4.0433E-02 6.1407E+02 1.4236E+00 2.1020E+00 1.1874E-01 6.7285E-26 0.539831 0.393083 0.015185 0.002574 0.049310
5.7881E-02 9.9091E+02 8.8604E+00 1.1441E+00 1.1925E-01 5.4584E-26 0.274517 0.681443 0.014538 0.000940 0.028547
5.2379E-02 1.0030E+03 9.1091E+00 8.8225E-01 1.1916E-01 5.2897E-26 0.255302 0.704942 0.012006 0.000756 0.026981
1.7074E+00 1.8157E+04 5.5770E+00 7.5523E+00 1.1931E-01 7.9518E-26 0.684900 0.225068 0.025794 0.000756 0.064209
4.0707E-02 6.2063E+02 2.9923E+00 1.4299E+00 1.1822E-01 6.6681E-26 0.497371 0.438781 0.015197 0.002524 0.046110
9.0428E-01 3.9322E+03 1.0017E+00 3.4042E+00 1.1949E-01 8.8905E-26 0.618137 0.186976 0.136323 0.000487 0.057938
8.9909E-01 4.3939E+03 6.2006E+00 1.3816E+00 1.1878E-01 8.1205E-26 0.364288 0.482509 0.118484 0.000333 0.034264
8.9699E-01 5.5429E+03 8.3229E+00 1.0589E+00 1.1897E-01 7.0373E-26 0.260058 0.629352 0.085851 0.000147 0.024504
2.7023E+00 9.7486E+03 2.7460E+00 8.4769E-01 1.1725E-01 9.6606E-26 0.448593 0.325586 0.183468 0.000147 0.042071
4.5302E+00 1.7661E+04 3.3506E+00 1.7153E+00 1.1918E-01 9.6274E-26 0.472716 0.324615 0.158161 0.000147 0.044323
6.0771E-01 6.4272E+03 1.7296E+00 7.9000E+00 1.1747E-01 7.1610E-26 0.817093 0.077350 0.028900 0.000147 0.076591
5.4905E-01 4.6785E+03 9.7673E+00 5.2320E-01 1.1929E-01 5.7921E-26 0.153468 0.776776 0.054922 0.000135 0.014644
1.0510E-02 5.3133E+03 9.3884E-01 9.6809E+00 1.1899E-01 5.2997E-26 0.904511 0.010655 0.054922 0.000135 0.084817
6.8880E-02 6.9021E+02 6.6884E-01 3.1886E+00 1.1757E-01 7.0077E-26 0.592957 0.315721 0.032909 0.004494 0.053883
3.5578E-02 5.7315E+02 1.2544E+00 5.1016E-01 1.1920E-01 6.8505E-26 0.508246 0.429436 0.013331 0.002573 0.046399
1.1590E-02 5.6986E+02 8.5567E-01 1.7413E+00 1.1898E-01 6.5860E-26 0.530459 0.419414 0.001516 0.000291 0.048319
6.8685E-02 3.4850E+03 5.7296E+00 9.1157E+00 1.1785E-01 6.3516E-26 0.757909 0.169590 0.001420 0.000291 0.071073
1.0112E-02 2.6589E+03 2.1624E+00 9.4840E+00 1.1950E-01 5.4608E-26 0.871423 0.046810 0.001420 0.000291 0.081705
5.8267E-02 1.7748E+03 5.3707E+00 8.1690E+00 1.1826E-01 6.2815E-26 0.721801 0.206504 0.003987 0.000291 0.067629
8.5230E-02 3.0852E+03 5.3596E-01 9.0511E+00 1.1770E-01 5.6376E-26 0.888577 0.024965 0.003142 0.000291 0.083294
8.3136E-02 3.4652E+03 3.1025E+00 9.3072E+00 1.1762E-01 6.0700E-26 0.845651 0.072868 0.002201 0.000291 0.079267
1.2726E+00 6.9597E+03 5.7629E-01 5.4769E+00 1.1764E-01 8.4503E-26 0.726318 0.114079 0.091330 0.000291 0.068083
3.9438E-02 5.8709E+02 7.2959E-01 1.4755E+00 1.1800E-01 6.8910E-26 0.532523 0.400802 0.015464 0.002858 0.048336
3.0162E-02 1.8623E+03 7.7328E+00 7.8790E+00 1.1831E-01 6.1175E-26 0.622175 0.318253 0.000998 0.002858 0.058556
5.4431E-01 4.5419E+03 1.2803E+00 7.0976E+00 1.1841E-01 7.3717E-26 0.792170 0.088440 0.044989 0.000117 0.074238
2.5368E-02 5.6352E+02 5.6950E-01 9.7662E-01 1.1847E-01 6.8259E-26 0.523314 0.420720 0.007096 0.001404 0.047459
1.4937E-02 6.9805E+02 6.6096E+00 1.6951E+00 1.1924E-01 5.7998E-26 0.417781 0.539145 0.001878 0.000244 0.040950
3.0353E+00 1.8618E+04 3.7090E+00 5.8018E+00 1.1885E-01 8.8669E-26 0.655961 0.212995 0.069467 0.000244 0.061497
5.0484E-01 2.8513E+03 5.0879E-01 5.2105E+00 1.1949E-01 8.0055E-26 0.719589 0.122571 0.089744 0.000633 0.067371
1.9062E+00 1.1782E+04 8.7233E+00 6.0991E-01 1.1803E-01 6.9735E-26 0.221325 0.670885 0.086889 0.000633 0.020783
8.2845E-02 7.2466E+03 1.9440E+00 9.7776E+00 1.1726E-01 5.7977E-26 0.890349 0.025654 0.000523 0.000633 0.083472
1.1731E-01 5.0604E+03 2.5974E+00 9.4400E+00 1.1826E-01 6.0089E-26 0.865463 0.051318 0.002076 0.000633 0.081137
3.2322E+00 1.0962E+04 9.3691E-01 9.2709E-01 1.1822E-01 9.8658E-26 0.499180 0.250386 0.203336 0.000633 0.046808
1.2395E-02 2.1385E+03 2.0504E+00 9.3777E+00 1.1734E-01 5.5595E-26 0.861865 0.057244 0.000141 0.000633 0.080749
1.9348E-01 1.7685E+03 9.3167E+00 6.1071E-01 1.1798E-01 5.7876E-26 0.192668 0.739422 0.047544 0.000919 0.019398
5.8327E-02 1.0675E+03 6.8599E+00 5.3325E+00 1.1746E-01 6.3502E-26 0.530297 0.408026 0.010931 0.000605 0.050130
5.9246E-01 1.7128E+04 9.2059E-01 9.3309E+00 1.1866E-01 6.0513E-26 0.894868 0.016645 0.004590 0.000605 0.083892
2.1703E-01 1.4142E+04 1.2690E+00 9.7489E+00 1.1760E-01 5.8201E-26 0.900847 0.013759 0.000940 0.000605 0.084453
1.7761E+00 1.3020E+04 2.0924E+00 6.9149E+00 1.1789E-01 8.1427E-26 0.755426 0.120745 0.052941 0.000605 0.070819
7.5278E-02 1.1868E+03 6.1388E+00 5.8255E+00 1.1932E-01 6.4599E-26 0.580909 0.349391 0.014435 0.000642 0.054608
8.6100E-01 1.4059E+04 8.2668E-01 8.7419E+00 1.1887E-01 6.4529E-26 0.875580 0.028835 0.013485 0.000642 0.082084
1.6720E-02 8.0563E+02 3.3168E+00 6.0551E+00 1.1876E-01 5.9633E-26 0.644346 0.294086 0.001707 0.000167 0.059692
1.5855E-02 2.0067E+03 3.0611E+00 9.2257E+00 1.1873E-01 5.6768E-26 0.834632 0.086921 0.000256 0.000167 0.078187
5.5135E-02 1.0284E+03 1.4537E+00 6.9224E+00 1.1784E-01 6.2217E-26 0.746287 0.173268 0.010750 0.000643 0.069041
6.3037E-01 1.5630E+04 2.4205E+00 9.3244E+00 1.1888E-01 6.4919E-26 0.861420 0.052002 0.005815 0.000643 0.080756
3.1551E-02 3.9861E+03 8.9556E+00 8.3805E+00 1.1747E-01 6.3226E-26 0.599542 0.343925 0.000230 0.000643 0.056301
5.6668E-02 1.2076E+03 7.5579E-01 7.5340E+00 1.1938E-01 5.9490E-26 0.794729 0.122398 0.008607 0.000368 0.073890
5.4250E-02 1.0975E+03 1.4915E+00 7.1935E+00 1.1898E-01 6.0986E-26 0.761793 0.157728 0.009322 0.000487 0.070660
1.9416E-02 5.6908E+02 1.1842E+00 1.2684E+00 1.1836E-01 6.6921E-26 0.522233 0.425206 0.004174 0.000807 0.047575
8.1063E-01 5.0432E+03 1.9812E+00 5.8906E+00 1.1755E-01 8.2396E-26 0.712665 0.148015 0.072301 0.000152 0.066794
9.3351E-02 5.3934E+03 2.6036E+00 9.5379E+00 1.1926E-01 5.8770E-26 0.870200 0.047028 0.001184 0.000152 0.081585
3.6155E-02 2.4984E+03 9.3935E+00 7.3066E+00 1.1937E-01 6.0373E-26 0.525499 0.424114 0.000806 0.000152 0.049573
2.8551E-01 1.9438E+03 1.9825E+00 5.6290E+00 1.1824E-01 7.6720E-26 0.702179 0.166732 0.064377 0.001023 0.065623
1.1669E-02 6.0273E+02 3.5611E+00 1.7110E+00 1.1885E-01 6.3029E-26 0.498207 0.453667 0.001429 0.000246 0.046449
2.7723E-02 6.3405E+02 7.6806E-01 3.5820E+00 1.1782E-01 6.5244E-26 0.584897 0.353834 0.006953 0.001099 0.053210
1.3466E-02 7.0258E+03 9.0157E-01 9.7234E+00 1.1932E-01 5.3129E-26 0.907188 0.007736 0.006953 0.001099 0.085061
2.5301E+00 1.4110E+04 2.8192E+00 5.4499E+00 1.1742E-01 9.0024E-26 0.663630 0.191357 0.082694 0.001099 0.062216
1.3851E-02 5.9600E+02 3.1910E+00 1.5705E+00 1.1885E-01 6.3779E-26 0.501906 0.449096 0.002034 0.000359 0.046603
5.0165E-02 1.1750E+03 8.8334E+00 4.4737E+00 1.1883E-01 5.9076E-26 0.410972 0.541702 0.007183 0.000325 0.039810
1.0923E+00 8.5176E+03 6.9605E+00 5.2924E+00 1.1950E-01 8.0094E-26 0.531447 0.371112 0.047520 0.000325 0.049840
1.0007E-02 5.7231E+02 2.9620E+00 6.0574E-01 1.1765E-01 6.5501E-26 0.495624 0.457292 0.001127 0.000214 0.045742
1.2552E-02 6.1903E+02 1.8909E+00 3.3283E+00 1.1880E-01 6.2999E-26 0.556805 0.390252 0.001565 0.000257 0.051120
1.6776E-02 1.7929E+03 1.4121E+00 9.0145E+00 1.1933E-01 5.4302E-26 0.855422 0.064088 0.000376 0.000257 0.080107
2.1024E-02 1.1573E+04 7.1797E-01 9.7880E+00 1.1920E-01 5.3480E-26 0.910572 0.004045 0.000376 0.000257 0.085369
2.2011E+00 1.4901E+04 8.7381E+00 2.3637E+00 1.1918E-01 7.4909E-26 0.315738 0.587076 0.067487 0.000257 0.029617
7.1801E-01 7.7929E+03 4.9027E+00 7.5297E+00 1.1917E-01 7.5797E-26 0.709035 0.198502 0.025941 0.000257 0.066473
5.7189E+00 1.8940E+04 6.7251E-01 8.8773E-01 1.1749E-01 1.0127E-25 0.503220 0.241075 0.208285 0.000257 0.047182
5.6849E-02 2.8334E+03 3.8122E+00 9.2203E+00 1.1824E-01 6.0438E-26 0.821971 0.099425 0.001547 0.000257 0.077044
1.9455E-02 1.0593E+03 3.4623E+00 7.6779E+00 1.1746E-01 5.9184E-26 0.728977 0.201818 0.001336 0.000257 0.067793
1.3830E+00 1.0471E+04 9.4682E+00 1.5622E+00 1.1898E-01 6.6962E-26 0.234847 0.682681 0.060324 0.000257 0.022059
4.0149E-02 1.7167E+03 8.8721E-01 8.6871E+00 1.1866E-01 5.5925E-26 0.852632 0.065277 0.002276 0.000257 0.079767
1.5094E+00 6.6702E+03 2.9754E+00 3.1223E+00 1.1871E-01 9.1640E-26 0.550949 0.268363 0.128744 0.000149 0.051663
3.7668E-01 9.1661E+03 2.9941E+00 9.2191E+00 1.1823E-01 6.5304E-26 0.844014 0.070853 0.006000 0.000149 0.079124
2.3652E-02 6.1116E+02 2.7245E+00 2.2103E+00 1.1820E-01 6.4816E-26 0.521443 0.424005 0.005506 0.000932 0.048108
4.3026E-02 9.4274E+03 7.4832E+00 9.4872E+00 1.1748E-01 6.5659E-26 0.709844 0.223527 0.005506 0.000932 0.066555
3.4064E-02 5.9154E+02 2.7715E+00 5.3106E-01 1.1856E-01 6.6965E-26 0.486536 0.454536 0.011735 0.002130 0.045051
7.1931E-02 2.0141E+03 2.8193E+00 8.5818E+00 1.1950E-01 6.0259E-26 0.818599 0.099778 0.004913 0.002130 0.076634
1.5167E-02 5.5994E+02 6.8118E-01 1.0370E+00 1.1912E-01 6.7050E-26 0.522440 0.426915 0.002637 0.000524 0.047481
1.3725E-01 1.5958E+03 4.5732E+00 6.6305E+00 1.1811E-01 6.9479E-26 0.675149 0.236540 0.024552 0.000588 0.063145
5.7172E-02 5.9462E+02 8.0918E-01 8.1849E-01 1.1748E-01 7.1393E-26 0.516188 0.401156 0.030193 0.005512 0.046918
5.2025E+00 1.8579E+04 2.3623E+00 1.0014E+00 1.1958E-01 9.7689E-26 0.465949 0.304420 0.185728 0.005512 0.043689
1.0332E-02 5.0280E+03 3.6048E+00 9.8714E+00 1.1858E-01 5.8277E-26 0.855816 0.063925 0.185728 0.005512 0.080242
1.8205E-01 5.3651E+03 9.7517E+00 7.0242E+00 1.1796E-01 6.5737E-26 0.500781 0.448120 0.004064 0.005512 0.047024
3.8692E-01 1.1934E+04 9.3078E+00 7.7026E+00 1.1958E-01 6.8422E-26 0.554877 0.389521 0.003566 0.005512 0.052031
4.8113E-02 1.0105E+03 8.5952E+00 3.2343E+00 1.1953E-01 5.7728E-26 0.368427 0.585445 0.009154 0.000567 0.036397
1.0203E+00 4.4186E+03 4.9042E+00 1.3450E+00 1.1730E-01 8.7480E-26 0.408032 0.413240 0.139865 0.000390 0.038331
1.0406E+00 4.9657E+03 2.6062E+00 3.8637E+00 1.1876E-01 8.8737E-26 0.597640 0.232142 0.113822 0.000247 0.056033
2.1952E-02 7.3348E+02 7.0631E+00 1.8821E+00 1.1830E-01 5.8199E-26 0.401787 0.554526 0.003642 0.000430 0.039611
5.5915E-02 6.7830E+02 4.2037E+00 1.4902E+00 1.1867E-01 6.6216E-26 0.466777 0.461900 0.023926 0.003361 0.044010
3.8335E-01 4.3835E+03 1.3039E+00 7.8707E+00 1.1941E-01 6.7599E-26 0.830703 0.065174 0.026168 0.003361 0.077855
2.4165E-01 2.7963E+03 7.7591E+00 5.8415E+00 1.1856E-01 7.0719E-26 0.527566 0.398230 0.024389 0.000178 0.049613
2.1383E-02 7.5540E+02 4.7173E+00 4.6615E+00 1.1954E-01 6.0247E-26 0.557714 0.386554 0.003145 0.000350 0.052234
1.2706E+00 1.0693E+04 7.2070E+00 5.7782E+00 1.1750E-01 8.1277E-26 0.545979 0.362528 0.040240 0.000350 0.051195
2.4639E-02 6.9996E+02 5.6550E+00 2.7409E+00 1.1821E-01 6.1094E-26 0.469339 0.480460 0.004802 0.000623 0.044770
3.6169E+00 1.3192E+04 1.5204E+00 1.8306E+00 1.1789E-01 9.8709E-26 0.526671 0.247742 0.175978 0.000623 0.049382
1.5811E-01 1.5398E+03 5.9999E-01 6.7545E+00 1.1819E-01 6.7936E-26 0.783885 0.106433 0.035694 0.000924 0.073026
1.8060E-02 6.0922E+02 4.2361E+00 1.1234E+00 1.1731E-01 6.3716E-26 0.474367 0.477207 0.003299 0.000560 0.044564
2.7654E-01 5.3740E+03 4.5504E+00 8.6299E+00 1.1924E-01 6.7714E-26 0.775122 0.143119 0.009065 0.000560 0.072668
3.1028E-01 1.9293E+03 7.2820E+00 1.6571E+00 1.1793E-01 7.2179E-26 0.337410 0.547087 0.081883 0.001325 0.032209
5.2376E-02 8.8629E+03 6.2720E+00 9.6626E+00 1.1912E-01 6.3867E-26 0.763023 0.165312 0.000127 0.001325 0.071539
9.0071E-02 3.5981E+03 5.5631E+00 8.9471E+00 1.1958E-01 6.3393E-26 0.757644 0.169000 0.002295 0.001325 0.071050
5.2375E-02 6.0561E+02 1.7816E+00 9.0730E-01 1.1844E-01 6.9375E-26 0.504452 0.419582 0.025216 0.004427 0.046296
8.4948E-02 2.7933E+03 9.3966E+00 6.8500E+00 1.1895E-01 6.2624E-26 0.505073 0.443866 0.003427 0.004427 0.047605
4.7018E-01 2.6236E+03 4.4323E+00 3.8123E+00 1.1944E-01 8.1971E-26 0.543841 0.314583 0.089688 0.000755 0.051040
4.5922E+00 1.8243E+04 4.0561E+00 1.4999E+00 1.1845E-01 9.5222E-26 0.442379 0.361937 0.154026 0.000755 0.041480
2.3540E-01 1.2827E+04 2.5761E+00 9.7559E+00 1.1862E-01 6.1061E-26 0.875379 0.041274 0.001281 0.000755 0.082065
4.1135E+00 1.8962E+04 3.9435E+00 3.5025E+00 1.1857E-01 9.4893E-26 0.540124 0.294249 0.114855 0.000755 0.050640
2.9778E-02 6.2538E+02 4.3903E+00 8.8364E-01 1.1792E-01 6.4105E-26 0.460569 0.486143 0.008386 0.001363 0.043530
2.1475E+00 1.5363E+04 4.8172E+00 6.2908E+00 1.1751E-01 8.6294E-26 0.647114 0.239683 0.052471 0.001363 0.060668
5.1410E-02 1.4535E+03 8.9736E-01 8.1788E+00 1.1922E-01 5.7662E-26 0.827769 0.089769 0.005046 0.000146 0.077265
5.1668E-02 1.5645E+04 5.9654E+00 9.9859E+00 1.1825E-01 6.5170E-26 0.784168 0.142279 0.005046 0.000146 0.073514
4.8323E-02 8.9584E+03 8.4449E+00 9.0867E+00 1.1751E-01 6.5815E-26 0.654350 0.284189 0.000103 0.000146 0.061358
2.2252E-01 1.6456E+03 3.3388E+00 5.3882E+00 1.1900E-01 7.5191E-26 0.653140 0.228830 0.055671 0.001259 0.061042
3.3001E-02 5.9009E+02 8.4109E-01 1.8341E+00 1.1842E-01 6.7610E-26 0.538461 0.399605 0.010972 0.001999 0.048951
3.8872E-01 9.3646E+03 6.4229E+00 8.7356E+00 1.1820E-01 7.0318E-26 0.715036 0.212232 0.005685 0.001999 0.067038
1.1902E-01 1.4876E+03 7.1909E+00 5.3939E+00 1.1819E-01 6.7454E-26 0.525145 0.402756 0.021905 0.000608 0.049564
1.8512E-01 5.4690E+03 2.8005E+00 9.2601E+00 1.1774E-01 6.2693E-26 0.852385 0.063456 0.004240 0.000608 0.079907
8.9213E-02 1.2628E+03 2.2601E+00 6.9698E+00 1.1958E-01 6.4261E-26 0.749057 0.162570 0.017967 0.000703 0.069685
2.5161E-02 5.7691E+02 5.4913E-01 1.8846E+00 1.1738E-01 6.7891E-26 0.539747 0.403413 0.006689 0.001265 0.048878
1.4960E+00 6.3372E+03 1.5243E+00 3.2089E+00 1.1951E-01 9.1648E-26 0.594062 0.209928 0.139988 0.000181 0.055697
2.1214E-02 5.6819E+02 1.2860E+00 9.7543E-01 1.1891E-01 6.6969E-26 0.516994 0.429874 0.004989 0.000969 0.047169
1.5468E-02 1.4880E+03 9.6163E+00 6.2151E+00 1.1853E-01 5.7177E-26 0.455764 0.500148 0.000441 0.000969 0.043634
2.4563E+00 8.5127E+03 6.3932E-01 1.2535E+00 1.1908E-01 9.6990E-26 0.522227 0.230710 0.197755 0.000137 0.048969
1.8915E+00 6.3751E+03 7.0950E-01 7.5011E-01 1.1826E-01 9.7016E-26 0.497079 0.247396 0.208426 0.000267 0.046619
1.2438E+00 5.2257E+03 6.1639E-01 3.3873E+00 1.1833E-01 9.1294E-26 0.625140 0.173238 0.142597 0.000278 0.058601
9.2244E-02 1.0923E+03 5.9864E-01 6.4266E+00 1.1813E-01 6.5504E-26 0.751755 0.152223 0.025137 0.001336 0.069522
5.1745E-02 6.0861E+02 9.3521E-01 1.6672E+00 1.1741E-01 6.9993E-26 0.535958 0.386954 0.024164 0.004199 0.048698
6.0869E-01 5.0289E+03 4.0365E+00 6.6566E+00 1.1928E-01 7.7794E-26 0.694588 0.196656 0.043506 0.004199 0.065114
2.2167E-02 1.8469E+04 8.9537E-01 9.9006E+00 1.1942E-01 5.4492E-26 0.910187 0.004479 0.043506 0.004199 0.085328
1.4768E-02 7.5144E+03 2.9410E+00 9.9899E+00 1.1825E-01 5.8025E-26 0.876179 0.041660 0.043506 0.004199 0.082145
2.3572E+00 9.5807E+03 4.7462E+00 7.1880E-01 1.1952E-01 8.8702E-26 0.382075 0.424314 0.157522 0.004199 0.035844
2.6048E+00 1.0208E+04 3.7134E+00 1.4253E+00 1.1748E-01 9.4645E-26 0.448746 0.350111 0.158822 0.004199 0.042084
7.7598E-02 1.2609E+03 9.7286E+00 1.5383E+00 1.1874E-01 5.3760E-26 0.231510 0.727511 0.016326 0.000639 0.023997
3.9599E-02 7.4026E+02 2.4025E+00 4.6595E+00 1.1918E-01 6.3502E-26 0.612831 0.318946 0.010577 0.001237 0.056398
1.0072E-02 1.5057E+03 1.0539E+00 8.8763E+00 1.1787E-01 5.4349E-26 0.841874 0.079204 0.000192 0.001237 0.078725
1.2010E-02 9.5529E+03 5.1123E-01 9.7838E+00 1.1780E-01 5.3238E-26 0.911304 0.003249 0.000192 0.001237 0.085440
2.2245E-01 2.5483E+03 8.4617E-01 7.6164E+00 1.1922E-01 6.5786E-26 0.827924 0.067562 0.026741 0.000238 0.077509
1.3630E-02 5.6077E+02 1.1285E+00 9.1932E-01 1.1895E-01 6.6730E-26 0.517851 0.432408 0.002136 0.000423 0.047180
4.2141E-02 1.1706E+03 1.6022E+00 7.7797E+00 1.1723E-01 5.9916E-26 0.783439 0.138493 0.005043 0.000230 0.072791
1.7037E-01 1.4978E+04 6.7485E-01 9.7000E+00 1.1833E-01 5.5785E-26 0.908857 0.005399 0.000539 0.000230 0.085205
1.4320E-02 6.3955E+02 4.1366E+00 2.8217E+00 1.1773E-01 6.2225E-26 0.509779 0.440341 0.001926 0.000297 0.047655
1.4268E+00 6.0217E+03 4.3822E+00 1.6815E+00 1.1741E-01 9.0603E-26 0.440958 0.374724 0.142590 0.000206 0.041376
8.0580E-01 4.9243E+03 1.4559E+00 5.8677E+00 1.1761E-01 8.1966E-26 0.725284 0.131196 0.075303 0.000166 0.067973
2.5994E-02 3.2060E+03 9.4422E+00 7.8662E+00 1.1810E-01 6.1563E-26 0.552105 0.395706 0.000248 0.000166 0.051939
1.7856E-01 1.3168E+03 7.3853E+00 1.6456E+00 1.1850E-01 6.7595E-26 0.337143 0.565668 0.062160 0.002254 0.032710
9.8811E-01 1.2001E+04 6.1440E-01 8.2805E+00 1.1779E-01 6.8009E-26 0.859475 0.036808 0.023113 0.002254 0.080573
2.7204E-02 2.0117E+03 2.7800E+00 9.1573E+00 1.1772E-01 5.7665E-26 0.838448 0.082286 0.000738 0.002254 0.078517
1.2100E-02 5.5797E+02 8.1089E-01 9.5333E-01 1.1905E-01 6.6878E-26 0.520351 0.430290 0.001699 0.000339 0.047320
1.8822E-01 7.6955E+03 5.2781E+00 9.3900E+00 1.1796E-01 6.5928E-26 0.784075 0.140305 0.002106 0.000339 0.073509
1.3195E-02 5.8806E+02 2.9777E+00 1.4051E+00 1.1844E-01 6.4381E-26 0.502978 0.448242 0.001881 0.000340 0.046557
8.9338E-02 7.1512E+03 1.5054E+00 9.7122E+00 1.1723E-01 5.7199E-26 0.896666 0.018633 0.000634 0.000340 0.084066
1.5377E+00 8.7854E+03 8.0012E+00 1.0377E+00 1.1879E-01 7.4136E-26 0.275886 0.602523 0.095520 0.000340 0.025912
2.1341E+00 1.4595E+04 7.4870E+00 4.3644E+00 1.1800E-01 8.3445E-26 0.467778 0.428923 0.059363 0.000340 0.043863
1.7311E-01 2.2739E+03 1.8900E+00 7.8485E+00 1.1759E-01 6.6293E-26 0.810831 0.092850 0.020199 0.000228 0.075871
1.7043E-02 1.0381E+03 9.7504E+00 3.2606E+00 1.1915E-01 5.2907E-26 0.317643 0.648816 0.001196 0.000228 0.032274
6.1124E-02 8.0142E+03 6.5685E+00 9.5011E+00 1.1955E-01 6.3910E-26 0.746113 0.183719 0.000211 0.000228 0.069957
1.9165E+00 1.0006E+04 1.5886E+00 5.1621E+00 1.1765E-01 8.8787E-26 0.683806 0.156421 0.095524 0.000228 0.064105
3.3604E+00 1.1079E+04 8.3318E-01 5.1934E-01 1.1799E-01 9.8966E-26 0.482606 0.257363 0.214472 0.000228 0.045255
2.7299E-02 7.2781E+03 8.4980E+00 8.9620E+00 1.1878E-01 6.4184E-26 0.646848 0.292435 0.214472 0.000228 0.060666
1.3830E-01 8.7765E+03 2.1967E+00 9.7104E+00 1.1838E-01 5.9092E-26 0.883796 0.032370 0.000976 0.000228 0.082856
1.1721E-02 3.4916E+03 3.7756E+00 9.6919E+00 1.1874E-01 5.7979E-26 0.843293 0.077592 0.000976 0.000228 0.079070
1.6783E+00 7.5159E+03 8.1629E-01 4.0707E+00 1.1773E-01 9.1199E-26 0.651543 0.161045 0.126091 0.000114 0.061079
1.4329E-01 4.7562E+03 9.7837E-01 9.1700E+00 1.1842E-01 5.7790E-26 0.890479 0.022380 0.003644 0.000114 0.083484
1.0953E-01 8.5378E+03 1.2692E+00 9.6396E+00 1.1899E-01 5.6206E-26 0.900435 0.014464 0.000680 0.000114 0.084419
8.7699E-01 9.5438E+03 8.5447E-01 7.9817E+00 1.1898E-01 6.9275E-26 0.843014 0.049668 0.028245 0.000114 0.079028
5.3327E-01 5.4241E+03 2.4557E+00 7.6982E+00 1.1772E-01 7.3059E-26 0.789304 0.106023 0.030606 0.000114 0.073982
4.3994E-02 2.3437E+03 5.8267E-01 9.0431E+00 1.1842E-01 5.4685E-26 0.880346 0.035633 0.001498 0.000114 0.082506
1.9791E-02 3.7959E+03 3.3236E+00 9.7000E+00 1.1870E-01 5.7705E-26 0.856229 0.063380 0.000109 0.000114 0.080281
5.4803E-02 7.5459E+02 1.0724E+00 4.6108E+00 1.1952E-01 6.5215E-26 0.639844 0.280586 0.018853 0.002134 0.058562
2.6081E-02 2.5256E+04 8.4312E+00 9.5374E+00 1.1798E-01 6.8288E-26 0.673396 0.263471 0.018853 0.002134 0.063130
7.6223E-01 3.4725E+03 5.1485E+00 1.5365E+00 1.1793E-01 8.4905E-26 0.409077 0.421776 0.129937 0.000604 0.038472
8.3359E-01 6.3685E+03 6.0704E-01 6.9008E+00 1.1897E-01 7.4747E-26 0.798429 0.073625 0.052984 0.000604 0.074840
4.2116E-02 8.4885E+03 8.4174E-01 9.7484E+00 1.1813E-01 5.4304E-26 0.907947 0.006822 0.000105 0.000604 0.085126
3.7275E-01 2.4801E+03 6.9751E+00 3.2385E+00 1.1864E-01 7.5445E-26 0.428310 0.461879 0.068686 0.000650 0.040404
6.3042E-02 1.2557E+03 6.3560E-01 7.5697E+00 1.1914E-01 5.9845E-26 0.801576 0.113680 0.009782 0.000386 0.074566
5.7952E-02 6.2282E+02 1.8961E+00 1.1094E+00 1.1937E-01 6.9069E-26 0.506242 0.413059 0.029205 0.004869 0.046593
1.2238E+00 7.2917E+03 6.4946E-01 5.8648E+00 1.1939E-01 8.1273E-26 0.745567 0.104323 0.080063 0.004869 0.069889
6.6592E-01 5.0795E+03 5.6776E+00 5.7082E+00 1.1902E-01 7.9801E-26 0.596209 0.297990 0.049733 0.000102 0.055915
5.3148E-02 1.3130E+03 9.7202E+00 4.0143E+00 1.1838E-01 5.7239E-26 0.347116 0.611948 0.006658 0.000239 0.034033
6.3113E-02 7.0050E+02 2.8481E+00 2.8127E+00 1.1760E-01 6.8434E-26 0.539720 0.379277 0.027550 0.003641 0.049783
6.0065E-01 6.5538E+03 7.4090E+00 6.4111E+00 1.1949E-01 7.4949E-26 0.569792 0.350760 0.025947 0.003641 0.053444
2.4713E-02 5.6527E+02 1.4415E+00 5.8368E-01 1.1850E-01 6.7828E-26 0.509722 0.435710 0.006738 0.001324 0.046499
3.1401E-02 4.7834E+03 7.6186E+00 9.0835E+00 1.1831E-01 6.3470E-26 0.687786 0.247536 0.000158 0.001324 0.064520
1.3395E-02 3.3442E+03 3.8575E+00 9.6337E+00 1.1920E-01 5.7912E-26 0.839001 0.082265 0.000158 0.001324 0.078669
3.0606E+00 1.0998E+04 2.9184E+00 6.4811E-01 1.1759E-01 9.6194E-26 0.434291 0.338877 0.185840 0.001324 0.040729
3.3211E-02 8.6883E+03 8.6721E+00 8.9703E+00 1.1838E-01 6.4956E-26 0.639856 0.300089 0.185840 0.001324 0.060003
5.9680E-02 1.6469E+03 1.7376E+00 8.3514E+00 1.1953E-01 5.8662E-26 0.827108 0.090259 0.005201 0.000116 0.077311
8.2881E-01 1.5322E+04 1.0807E+00 8.9318E+00 1.1894E-01 6.4053E-26 0.877416 0.029715 0.010600 0.000116 0.082256
1.2776E-01 6.5404E+03 2.0724E+00 9.5938E+00 1.1754E-01 5.9282E-26 0.882190 0.033606 0.001494 0.000116 0.082706
2.5896E-02 5.7774E+02 1.6326E+00 1.2868E+00 1.1758E-01 6.7370E-26 0.517997 0.426246 0.007116 0.001343 0.047291
2.6493E+00 1.6030E+04 4.8019E+00 5.2242E+00 1.1947E-01 8.8370E-26 0.597480 0.274813 0.071605 0.001343 0.056016
1.5979E-01 1.1787E+03 6.0535E-01 5.2252E+00 1.1880E-01 7.2510E-26 0.707978 0.165879 0.057873 0.002651 0.065559
7.4900E-01 3.4187E+03 5.7542E+00 8.3377E-01 1.1759E-01 8.2352E-26 0.353602 0.478863 0.133435 0.000641 0.033321
1.3074E-02 9.1682E+02 9.7524E-01 7.2874E+00 1.1873E-01 5.7117E-26 0.737870 0.192923 0.000839 0.000641 0.068303
3.1003E-01 1.0901E+04 1.9413E+00 9.4388E+00 1.1954E-01 6.0608E-26 0.880498 0.033854 0.003098 0.000641 0.082546
2.4417E-01 7.9590E+03 2.2915E+00 9.3995E+00 1.1821E-01 6.1730E-26 0.870312 0.044553 0.003538 0.000641 0.081590
3.0823E+00 1.0940E+04 5.6162E-01 1.6875E+00 1.1928E-01 9.7221E-26 0.544206 0.216044 0.188455 0.000641 0.051026
3.0713E-02 6.7222E+02 4.9495E+00 2.2831E+00 1.1774E-01 6.3020E-26 0.475700 0.470350 0.007829 0.001105 0.045008
3.9560E-01 6.2431E+03 7.7903E+00 7.3118E+00 1.1828E-01 7.1984E-26 0.598680 0.332210 0.012927 0.001105 0.056153
3.4377E-02 1.3085E+04 1.2316E+00 9.9236E+00 1.1829E-01 5.5481E-26 0.906289 0.008718 0.012927 0.001105 0.084965
1.8949E-01 5.1924E+03 1.8793E+00 9.1740E+00 1.1755E-01 6.1304E-26 0.871311 0.041955 0.005039 0.001105 0.081680
2.8132E-02 1.0033E+03 8.9730E+00 3.8275E+00 1.1835E-01 5.6506E-26 0.378417 0.580752 0.003259 0.000204 0.037364
2.6824E+00 1.7578E+04 5.5450E-01 6.5777E+00 1.1810E-01 8.1363E-26 0.777091 0.083651 0.066329 0.000204 0.072851
1.8129E+00 6.4992E+03 8.7696E-01 1.6329E+00 1.1772E-01 9.6614E-26 0.534463 0.229853 0.185151 0.000228 0.050117
1.6782E-01 1.9418E+03 9.9120E+00 1.8813E+00 1.1803E-01 5.7684E-26 0.225279 0.722145 0.029870 0.000472 0.022204
2.0744E-02 5.5902E+03 7.0884E+00 9.3851E+00 1.1862E-01 6.3129E-26 0.721759 0.210501 0.029870 0.000472 0.067689
3.9540E-01 3.0948E+03 1.3794E+00 6.6466E+00 1.1938E-01 7.3701E-26 0.769574 0.106994 0.051003 0.000301 0.072077
1.0727E-02 1.8596E+03 7.1189E-01 9.1464E+00 1.1748E-01 5.3555E-26 0.867087 0.051544 0.000145 0.000301 0.081221
1.2941E-02 8.8184E+02 1.2413E+00 7.0844E+00 1.1855E-01 5.7703E-26 0.722772 0.209453 0.000881 0.000301 0.066822
2.0678E+00 7.2207E+03 1.6166E+00 9.4845E-01 1.1735E-01 9.7294E-26 0.483462 0.276886 0.193921 0.000191 0.045342
8.3850E-02 5.5419E+03 3.7759E+00 9.6145E+00 1.1869E-01 6.0876E-26 0.841517 0.078711 0.000873 0.000191 0.078896
1.3447E-01 1.6121E+03 4.4977E+00 6.7829E+00 1.1758E-01 6.9406E-26 0.684447 0.227860 0.023127 0.000542 0.064000
5.6243E-02 3.4283E+03 6.4357E+00 8.9429E+00 1.1952E-01 6.2687E-26 0.726546 0.204293 0.000997 0.000542 0.068158
6.0778E-01 5.4813E+03 5.6406E-01 7.3877E+00 1.1872E-01 7.0948E-26 0.823631 0.058993 0.040067 0.000542 0.077198
1.0512E-01 3.2812E+03 8.4291E+00 7.7068E+00 1.1777E-01 6.5586E-26 0.590617 0.350244 0.003631 0.000542 0.055485
1.0106E-02 6.6814E+02 3.9998E+00 3.8909E+00 1.1830E-01 6.0780E-26 0.541192 0.407321 0.000900 0.000127 0.050459
3.8092E-02 9.7009E+02 1.0366E+00 7.0682E+00 1.1749E-01 6.0415E-26 0.747919 0.176597 0.005966 0.000401 0.069110
4.0844E-01 2.5177E+03 1.9791E+00 5.3315E+00 1.1948E-01 7.9097E-26 0.689107 0.169349 0.076251 0.000700 0.064514
2.3587E-01 5.1826E+03 1.2718E+00 8.9126E+00 1.1839E-01 6.1157E-26 0.875676 0.034358 0.007853 0.000700 0.082089
3.8356E-02 1.5378E+03 3.0933E+00 8.4806E+00 1.1884E-01 5.9072E-26 0.796588 0.126442 0.002452 0.000700 0.074452
1.5844E-02 5.6060E+02 7.5767E-01 1.2907E+00 1.1745E-01 6.7659E-26 0.525424 0.423525 0.002844 0.000564 0.047640
2.7918E+00 1.1978E+04 3.2636E+00 2.9914E+00 1.1752E-01 9.5425E-26 0.535421 0.282602 0.131597 0.000564 0.050202
4.1265E-01 3.0660E+03 3.0004E+00 6.2788E+00 1.1742E-01 7.7994E-26 0.706029 0.174005 0.053451 0.000322 0.066139
6.1702E-02 9.8250E+02 7.7921E+00 3.3251E+00 1.1947E-01 6.0645E-26 0.405971 0.538414 0.015111 0.000995 0.039493
3.9749E-01 3.3442E+03 9.4940E-01 6.9602E+00 1.1946E-01 7.1656E-26 0.795672 0.084064 0.045455 0.000227 0.074534
2.4970E+00 1.1528E+04 1.5088E+00 4.2832E+00 1.1818E-01 9.2371E-26 0.643212 0.178894 0.117430 0.000227 0.060302
2.5052E-02 5.6557E+02 1.8176E+00 5.2025E-01 1.1728E-01 6.8280E-26 0.504568 0.441147 0.006869 0.001349 0.046060
2.4188E+00 1.8519E+04 7.7883E-01 7.1397E+00 1.1921E-01 7.7493E-26 0.800397 0.073471 0.051038 0.001349 0.075036
2.6139E-02 1.1251E+03 8.9138E+00 5.1116E+00 1.1798E-01 5.7819E-26 0.435962 0.519601 0.002184 0.000108 0.042143
2.5399E-02 5.8613E+02 3.0336E+00 6.6159E-01 1.1739E-01 6.6440E-26 0.488073 0.458764 0.006741 0.001238 0.045178
9.7200E-01 4.0871E+03 4.5058E+00 1.1001E+00 1.1900E-01 8.6957E-26 0.408186 0.403756 0.149058 0.000490 0.038357
4.8858E-02 6.4724E+02 4.4509E+00 5.7408E-01 1.1728E-01 6.6137E-26 0.442101 0.492649 0.020177 0.003100 0.041951
1.3410E-02 4.7421E+03 1.0837E+00 9.6539E+00 1.1910E-01 5.3251E-26 0.901566 0.013856 0.020177 0.003100 0.084543
1.4404E-02 9.5638E+02 9.6496E+00 2.6155E+00 1.1724E-01 5.2963E-26 0.305653 0.661784 0.001008 0.003100 0.031485
1.0774E-01 1.4402E+03 4.4623E+00 6.7451E+00 1.1907E-01 6.7018E-26 0.682764 0.233536 0.019293 0.000573 0.063814
1.1857E+00 4.9456E+03 3.7751E+00 1.7759E+00 1.1891E-01 8.9969E-26 0.463614 0.345689 0.146717 0.000322 0.043507
1.9932E-02 6.4060E+02 8.1057E-01 4.0541E+00 1.1738E-01 6.4032E-26 0.593828 0.347916 0.003603 0.000555 0.054095
4.0436E-02 8.0584E+02 2.4459E+00 5.4941E+00 1.1881E-01 6.2792E-26 0.649328 0.280507 0.009393 0.000925 0.059836
6.2892E-01 5.1505E+03 2.9100E+00 6.9570E+00 1.1749E-01 7.7717E-26 0.740164 0.146002 0.044325 0.000925 0.069375
4.1194E-01 4.5873E+03 4.7872E+00 7.4186E+00 1.1920E-01 7.3534E-26 0.709437 0.198597 0.025365 0.000925 0.066510
2.4087E-02 5.7785E+02 2.5035E+00 6.1293E-01 1.1822E-01 6.6670E-26 0.496488 0.450372 0.006227 0.001173 0.045733
4.6251E-01 3.8957E+03 8.0911E-01 7.0801E+00 1.1853E-01 7.2206E-26 0.803447 0.076020 0.045044 0.000163 0.075280
2.9949E-02 5.9651E+02 7.6615E-01 2.2837E+00 1.1832E-01 6.6960E-26 0.548970 0.390597 0.008943 0.001593 0.049887
5.3279E-02 8.7849E+03 6.1297E+00 9.7275E+00 1.1822E-01 6.4185E-26 0.770015 0.157659 0.000133 0.001593 0.072193
1.9006E-02 9.0148E+02 8.1716E+00 4.0651E+00 1.1935E-01 5.6645E-26 0.423251 0.533380 0.001847 0.000144 0.041377
1.0502E-01 8.6908E+03 5.1464E+00 9.6827E+00 1.1929E-01 6.3357E-26 0.801990 0.122285 0.000535 0.000144 0.075189
8.3630E-02 8.1122E+02 5.8834E+00 1.4200E+00 1.1884E-01 6.5532E-26 0.403559 0.516267 0.037382 0.003690 0.039062
1.3325E-01 6.5497E+03 1.0890E+00 9.4722E+00 1.1783E-01 5.7158E-26 0.897723 0.016427 0.001681 0.003690 0.084165
2.5481E+00 1.1639E+04 5.1888E+00 2.2950E+00 1.1836E-01 9.0507E-26 0.445594 0.390017 0.122434 0.003690 0.041787
1.5663E-02 9.3972E+02 9.5422E+00 1.7854E+00 1.1871E-01 5.1197E-26 0.283185 0.685654 0.001277 0.003690 0.029792
1.1971E-02 1.3608E+03 4.6338E+00 8.4502E+00 1.1809E-01 5.8454E-26 0.745274 0.184701 0.000310 0.003690 0.069705
7.4130E-01 6.6221E+03 7.6024E-01 7.4140E+00 1.1876E-01 7.1960E-26 0.819479 0.063328 0.040290 0.003690 0.076815
5.1622E-02 4.6335E+03 1.0734E+00 9.5627E+00 1.1759E-01 5.5219E-26 0.898666 0.016548 0.000522 0.003690 0.084262
1.6805E-02 1.2692E+03 7.9536E+00 6.8719E+00 1.1800E-01 5.9002E-26 0.558062 0.388362 0.000695 0.003690 0.052854
2.6436E-02 5.9741E+02 3.5477E+00 5.4613E-01 1.1822E-01 6.5362E-26 0.476184 0.470948 0.007134 0.001264 0.044463
3.1511E-02 1.2431E+03 8.8462E+00 5.6915E+00 1.1734E-01 5.9251E-26 0.466869 0.485786 0.002531 0.000101 0.044710
1.0136E-02 8.8888E+02 1.8068E+00 7.2362E+00 1.1727E-01 5.8139E-26 0.720296 0.212534 0.000528 0.000101 0.066599
7.6505E-01 6.9576E+03 5.8761E+00 6.5702E+00 1.1892E-01 7.8515E-26 0.631064 0.274054 0.035637 0.000101 0.059172
5.1475E-01 5.6205E+03 6.9255E+00 6.6914E+00 1.1822E-01 7.5535E-26 0.600968 0.316899 0.025699 0.000101 0.056365
3.6444E-02 2.0388E+03 3.6217E+00 9.0355E+00 1.1776E-01 5.9481E-26 0.813557 0.108983 0.001250 0.000101 0.076192
1.6011E-01 1.2311E+04 6.0101E+00 9.6592E+00 1.1860E-01 6.5964E-26 0.770184 0.157015 0.000595 0.000101 0.072205
3.8976E-02 2.2319E+04 7.7241E+00 9.6999E+00 1.1853E-01 6.7454E-26 0.708236 0.225358 0.000595 0.000101 0.066396
9.6625E-02 4.6059E+03 6.9161E+00 8.8939E+00 1.1831E-01 6.5184E-26 0.706272 0.225913 0.001567 0.000101 0.066243
4.7068E+00 1.6380E+04 1.2543E+00 1.2127E+00 1.1948E-01 9.8664E-26 0.504461 0.254477 0.193533 0.000101 0.047299
5.0108E-02 6.2863E+02 3.0635E+00 1.1213E+00 1.1805E-01 6.7761E-26 0.486165 0.443107 0.021951 0.003576 0.045177
8.5379E-01 4.1513E+03 6.7855E-01 4.5261E+00 1.1755E-01 8.6809E-26 0.679040 0.144959 0.111901 0.000355 0.063630
3.6899E-02 7.8377E+02 7.1220E+00 2.3893E+00 1.1768E-01 6.0024E-26 0.406677 0.543955 0.008666 0.000902 0.039790
5.2094E-01 3.0765E+03 3.2210E+00 5.0240E+00 1.1739E-01 8.3157E-26 0.637820 0.222721 0.079135 0.000474 0.059769
3.8177E-02 4.5338E+03 1.8583E+00 9.6965E+00 1.1740E-01 5.6420E-26 0.888835 0.027536 0.000292 0.000474 0.083336
2.6597E-02 5.6542E+02 1.1586E+00 6.5223E-01 1.1865E-01 6.8027E-26 0.513252 0.430698 0.007766 0.001528 0.046747
4.9691E-01 2.6145E+03 3.1516E+00 4.0370E+00 1.1826E-01 8.4229E-26 0.592402 0.253074 0.098065 0.000833 0.055524
4.3310E-02 3.3724E+03 2.9898E+00 9.4558E+00 1.1946E-01 5.7795E-26 0.855986 0.063094 0.000663 0.000833 0.080253
1.4450E-02 7.2860E+02 7.4922E+00 7.9359E-01 1.1821E-01 5.5816E-26 0.370437 0.590351 0.001674 0.000200 0.037338
4.2368E+00 1.4365E+04 6.9305E-01 1.0245E+00 1.1951E-01 9.8532E-26 0.509583 0.238364 0.204018 0.000200 0.047780
3.7566E-01 1.6056E+04 5.4721E-01 9.5243E+00 1.1727E-01 5.8125E-26 0.905486 0.007437 0.002186 0.000200 0.084888
2.1276E+00 7.1624E+03 1.1122E+00 5.4761E-01 1.1838E-01 9.7002E-26 0.477378 0.268234 0.209191 0.000209 0.044773
9.1064E-01 3.8021E+03 4.4672E+00 1.0101E+00 1.1859E-01 8.7048E-26 0.405179 0.405131 0.150869 0.000579 0.038087
1.7078E-01 2.5504E+03 1.5634E+00 8.1254E+00 1.1855E-01 6.3984E-26 0.833424 0.072166 0.016210 0.000143 0.078040
4.3662E-02 8.6486E+03 1.1009E+00 9.7560E+00 1.1898E-01 5.4554E-26 0.905573 0.009416 0.000109 0.000143 0.084903
1.2154E-01 1.7188E+03 6.5695E-01 7.6939E+00 1.1813E-01 6.3052E-26 0.825155 0.079074 0.018330 0.000374 0.077049
1.7172E-02 1.6418E+04 6.6831E+00 9.9571E+00 1.1749E-01 6.6170E-26 0.757444 0.171543 0.018330 0.000374 0.071009
2.9526E-01 2.5258E+03 5.4684E-01 6.9047E+00 1.1856E-01 7.0557E-26 0.800452 0.079609 0.044581 0.000405 0.074907
7.7315E-01 3.6703E+03 1.3804E+00 4.0786E+00 1.1827E-01 8.7308E-26 0.640929 0.181886 0.116523 0.000481 0.060062
2.5122E-02 8.4007E+02 1.9152E+00 6.4607E+00 1.1760E-01 6.0571E-26 0.692223 0.240192 0.003475 0.000313 0.063794
9.7144E-02 4.8736E+03 1.6361E+00 9.4461E+00 1.1818E-01 5.7612E-26 0.886857 0.028390 0.001601 0.000313 0.083147
2.4679E-02 1.8362E+04 6.6056E+00 9.9278E+00 1.1889E-01 6.5709E-26 0.759617 0.169164 0.001601 0.000313 0.071213
1.6061E+00 1.8540E+04 2.5759E+00 8.3128E+00 1.1822E-01 7.4427E-26 0.808823 0.091935 0.023391 0.000313 0.075825
5.5870E-02 2.4841E+03 9.1273E+00 7.2052E+00 1.1925E-01 6.1598E-26 0.533534 0.414237 0.001908 0.000313 0.050301
8.9366E-01 3.9938E+03 6.4855E-01 3.8240E+00 1.1815E-01 8.8783E-26 0.646184 0.163366 0.129315 0.000446 0.060555
1.0241E-01 1.1973E+03 8.8910E+00 1.4726E+00 1.1859E-01 5.8149E-26 0.269508 0.672878 0.029027 0.001273 0.027283
1.9060E-01 6.9490E+03 4.0540E+00 9.4551E+00 1.1727E-01 6.4672E-26 0.824438 0.095566 0.002700 0.001273 0.077290
2.6360E-02 4.3401E+03 1.8535E+00 9.6521E+00 1.1914E-01 5.5162E-26 0.889043 0.027438 0.000155 0.001273 0.083363
8.7219E-02 5.0738E+03 9.6923E-01 9.3886E+00 1.1938E-01 5.5281E-26 0.898195 0.016343 0.001241 0.001273 0.084218
2.9256E-02 5.8994E+02 9.8194E-01 2.0476E+00 1.1755E-01 6.7424E-26 0.540929 0.399657 0.008674 0.001577 0.049154
3.5510E-02 5.8908E+02 1.2538E+00 1.6022E+00 1.1722E-01 6.8384E-26 0.529004 0.407962 0.012581 0.002304 0.048135
8.5910E-01 8.1338E+03 9.3331E+00 4.1892E+00 1.1758E-01 7.2464E-26 0.381720 0.546740 0.035648 0.002304 0.035829
6.2296E-02 1.7946E+04 6.9119E-01 9.8982E+00 1.1757E-01 5.5168E-26 0.911143 0.003389 0.035648 0.002304 0.085418
9.5227E-01 3.9430E+03 9.7557E-01 3.0531E+00 1.1760E-01 9.1474E-26 0.600758 0.196237 0.146027 0.000519 0.056310
5.3169E-02 6.1155E+03 7.5654E+00 9.1722E+00 1.1784E-01 6.4780E-26 0.693669 0.241006 0.000271 0.000519 0.065054
1.9337E-02 6.4862E+02 3.4949E+00 3.2946E+00 1.1762E-01 6.2963E-26 0.535687 0.410768 0.003363 0.000506 0.049673
1.2304E+00 5.1118E+03 7.2311E-01 3.2509E+00 1.1820E-01 9.1734E-26 0.615975 0.180758 0.145079 0.000297 0.057743
1.3178E-02 5.7094E+02 5.4251E-01 1.9629E+00 1.1846E-01 6.6352E-26 0.536557 0.412402 0.001935 0.000370 0.048734
4.5039E-01 2.6999E+03 6.2217E+00 3.1733E+00 1.1895E-01 7.8559E-26 0.452826 0.422617 0.081206 0.000643 0.042625
3.7873E-01 2.1425E+03 6.7873E+00 1.4355E+00 1.1904E-01 7.4254E-26 0.344583 0.525207 0.096104 0.001246 0.032760
5.3385E-02 1.0526E+03 4.3426E+00 6.4853E+00 1.1919E-01 6.2845E-26 0.662783 0.265377 0.009527 0.000543 0.061760
2.4648E+00 1.4573E+04 8.3431E+00 1.1779E+00 1.1879E-01 7.4339E-26 0.270626 0.614753 0.089120 0.000543 0.025391
4.9586E-02 6.0545E+02 2.3907E+00 6.7395E-01 1.1810E-01 6.8905E-26 0.489602 0.438374 0.022811 0.003999 0.045189
4.2533E-02 3.5311E+03 7.9180E+00 8.6899E+00 1.1729E-01 6.3800E-26 0.657153 0.280632 0.000528 0.003999 0.061684
2.2042E-02 8.6612E+02 8.9453E+00 1.0486E+00 1.1764E-01 5.2704E-26 0.296610 0.669162 0.002893 0.000244 0.031088
3.3272E+00 1.8651E+04 6.5324E-01 5.8109E+00 1.1850E-01 8.6055E-26 0.737018 0.108103 0.085685 0.000244 0.069095
1.0698E-02 3.1834E+03 2.4324E+00 9.6909E+00 1.1752E-01 5.6132E-26 0.873732 0.044304 0.085685 0.000244 0.081917
1.0256E-02 6.7359E+02 3.1268E+00 4.3734E+00 1.1878E-01 6.0705E-26 0.572254 0.373721 0.000912 0.000127 0.052985
4.0554E-02 3.3827E+03 4.5137E+00 9.4419E+00 1.1857E-01 6.0452E-26 0.811796 0.111534 0.000552 0.000127 0.076114
8.0324E-02 5.8988E+03 1.0126E+00 9.5214E+00 1.1877E-01 5.5277E-26 0.900894 0.013857 0.000779 0.000127 0.084468
3.1542E-01 2.0078E+03 5.5447E+00 3.8259E+00 1.1844E-01 7.8119E-26 0.508736 0.370018 0.072258 0.001073 0.047840
1.4272E-02 5.7010E+02 5.8974E-01 1.9092E+00 1.1804E-01 6.6663E-26 0.535813 0.412851 0.002264 0.000435 0.048635
5.6661E-02 6.2364E+02 1.5797E+00 1.4592E+00 1.1894E-01 6.9190E-26 0.521016 0.398773 0.027819 0.004622 0.047740
1.2788E+00 6.5739E+03 7.2741E+00 5.7312E-01 1.1868E-01 7.6008E-26 0.281394 0.577065 0.114827 0.000137 0.026459
1.3163E-01 1.3719E+04 5.0688E+00 9.9174E+00 1.1833E-01 6.4556E-26 0.811155 0.112469 0.000331 0.000137 0.076044
5.9037E-01 4.8236E+03 4.9803E+00 6.2964E+00 1.1924E-01 7.8434E-26 0.647853 0.247147 0.044109 0.000101 0.060745
5.7869E-01 3.4267E+03 6.6323E-01 5.5565E+00 1.1944E-01 7.9500E-26 0.732749 0.115713 0.082423 0.000393 0.068638
6.4843E-02 6.7987E+02 1.9628E+00 2.6439E+00 1.1779E-01 6.9327E-26 0.551431 0.363283 0.030446 0.004278 0.050530
2.2339E-02 7.4435E+02 4.3828E+00 4.7451E+00 1.1774E-01 6.1385E-26 0.568642 0.374507 0.003470 0.000398 0.052979
2.9464E-02 1.0610E+03 6.2286E+00 6.4768E+00 1.1937E-01 6.0014E-26 0.600987 0.339309 0.003006 0.000168 0.056527
8.1020E-01 4.4164E+03 1.3941E+00 5.1032E+00 1.1915E-01 8.3663E-26 0.690984 0.151354 0.092552 0.000257 0.064758
1.0971E-02 8.3390E+02 7.1126E+00 4.6967E+00 1.1884E-01 5.7542E-26 0.487193 0.465280 0.000712 0.000257 0.046751
2.5528E+00 9.0516E+03 2.5640E+00 6.0788E-01 1.1775E-01 9.6115E-26 0.442103 0.325356 0.190765 0.000116 0.041465
3.2268E+00 1.2048E+04 3.6374E+00 6.7959E-01 1.1798E-01 9.4364E-26 0.415203 0.370022 0.175599 0.000116 0.038939
1.2812E-02 2.6919E+03 1.9214E+00 9.4739E+00 1.1915E-01 5.4512E-26 0.875700 0.042098 0.175599 0.000116 0.082105
1.5898E-01 1.2751E+03 1.0585E+00 5.7105E+00 1.1826E-01 7.1551E-26 0.722169 0.159084 0.049738 0.001926 0.067031
6.1760E-02 2.7945E+03 3.2370E+00 9.2400E+00 1.1725E-01 6.0338E-26 0.837291 0.082347 0.001880 0.001926 0.078466
8.3208E-02 7.9149E+02 7.6014E-01 4.1502E+00 1.1941E-01 6.8831E-26 0.637167 0.263664 0.037002 0.003843 0.058284
1.7489E-02 1.1008E+04 1.1714E+00 9.9020E+00 1.1826E-01 5.4880E-26 0.906832 0.008140 0.037002 0.003843 0.085017
1.1831E+00 1.9443E+04 8.7342E+00 7.2685E+00 1.1887E-01 7.4703E-26 0.559266 0.376784 0.011502 0.003843 0.052434
8.8723E-02 2.1426E+04 8.7643E+00 9.2358E+00 1.1832E-01 6.8010E-26 0.647267 0.291993 0.011502 0.003843 0.060681
1.1807E-02 6.4252E+02 2.8562E+00 3.7633E+00 1.1767E-01 6.2271E-26 0.556883 0.390237 0.001298 0.000198 0.051382
2.3127E+00 9.7671E+03 5.9346E-01 3.6804E+00 1.1773E-01 9.3463E-26 0.637314 0.164210 0.138514 0.000198 0.059749
1.7532E+00 7.7977E+03 4.9787E+00 1.9056E+00 1.1857E-01 8.9054E-26 0.432993 0.395209 0.130935 0.000109 0.040620
6.3781E-01 1.2654E+04 2.0784E+00 9.0646E+00 1.1849E-01 6.5644E-26 0.859690 0.050725 0.008980 0.000109 0.080593
2.0739E-02 6.4540E+02 4.1892E+00 2.6203E+00 1.1794E-01 6.2778E-26 0.503814 0.444515 0.003916 0.000595 0.047156
2.5126E-01 2.4566E+03 9.6492E+00 2.0150E+00 1.1821E-01 6.1017E-26 0.244659 0.691814 0.039515 0.000380 0.023592
4.8959E-02 8.4345E+02 6.8805E+00 3.1221E+00 1.1894E-01 6.1285E-26 0.436323 0.507537 0.012832 0.001155 0.042139
1.9490E-02 2.9879E+03 1.0213E+00 9.4844E+00 1.1756E-01 5.3990E-26 0.890960 0.025314 0.000183 0.001155 0.083541
2.6594E-02 6.1153E+02 1.8083E+00 2.4288E+00 1.1956E-01 6.4929E-26 0.540365 0.401953 0.006927 0.001173 0.049574
3.0515E+00 1.3627E+04 3.5646E+00 3.2910E+00 1.1796E-01 9.4789E-26 0.541130 0.285604 0.122374 0.001173 0.050736
1.5741E-01 5.1252E+03 6.9077E+00 8.6984E+00 1.1768E-01 6.7301E-26 0.697196 0.234158 0.003252 0.001173 0.065384
1.9844E-02 8.2292E+03 1.0980E+00 9.8394E+00 1.1785E-01 5.4558E-26 0.906290 0.008714 0.003252 0.001173 0.084970
1.0348E-02 7.1571E+02 2.8480E+00 5.1940E+00 1.1946E-01 5.9623E-26 0.608159 0.334649 0.000835 0.000103 0.056253
3.2798E-01 2.0336E+04 3.7454E+00 9.9771E+00 1.1753E-01 6.4775E-26 0.849546 0.069878 0.000932 0.000103 0.079642
4.8940E-02 6.8584E+02 5.2763E+00 7.5105E-01 1.1921E-01 6.3290E-26 0.420894 0.517053 0.018824 0.002577 0.040632
1.4515E+00 7.2265E+03 6.6965E-01 4.8409E+00 1.1854E-01 8.7083E-26 0.693472 0.134413 0.106894 0.000105 0.065007
2.8799E-02 2.7793E+03 9.8074E+00 7.3808E+00 1.1772E-01 6.0749E-26 0.510605 0.440840 0.000411 0.000105 0.048141
1.1600E-01 1.0707E+03 3.2396E+00 5.2046E+00 1.1741E-01 7.0857E-26 0.639813 0.260603 0.038043 0.002119 0.059381
1.1442E-02 1.9921E+03 1.6026E+00 9.2040E+00 1.1934E-01 5.3994E-26 0.862943 0.056052 0.000142 0.002119 0.080861
1.1661E-02 6.7307E+03 1.2453E+00 9.8528E+00 1.1736E-01 5.4690E-26 0.903922 0.011314 0.000142 0.002119 0.084751
1.2585E-02 3.1846E+03 5.8885E+00 9.3925E+00 1.1864E-01 6.0610E-26 0.764526 0.163702 0.000142 0.002119 0.071711
3.3346E-02 1.4979E+03 1.1308E+00 8.5218E+00 1.1888E-01 5.6188E-26 0.834944 0.084930 0.002055 0.002119 0.078013
9.2787E-02 1.7820E+04 9.0759E+00 9.0303E+00 1.1768E-01 6.7829E-26 0.625336 0.315943 0.002055 0.002119 0.058627
1.5849E-02 8.4320E+02 8.2143E+00 3.1642E+00 1.1952E-01 5.5606E-26 0.390649 0.568920 0.001500 0.000134 0.038797
1.1204E+00 1.5965E+04 5.3481E+00 8.3787E+00 1.1781E-01 7.5964E-26 0.730935 0.185481 0.015041 0.000134 0.068524
1.3291E+00 6.1290E+03 1.9633E+00 3.9026E+00 1.1849E-01 9.0301E-26 0.615781 0.206250 0.119949 0.000167 0.057730
1.1012E-02 6.0331E+02 3.9449E+00 1.2034E+00 1.1950E-01 6.2461E-26 0.483933 0.469142 0.001283 0.000221 0.045420
2.4724E-02 5.7859E+02 8.4165E-01 1.5807E+00 1.1938E-01 6.6699E-26 0.531385 0.412447 0.006537 0.001230 0.048395
1.0504E-02 5.6376E+02 1.3077E+00 1.2208E+00 1.1860E-01 6.6204E-26 0.519818 0.431252 0.001268 0.000248 0.047413
2.0147E+00 1.1935E+04 8.2675E+00 1.3632E+00 1.1835E-01 7.5010E-26 0.283569 0.601772 0.087928 0.000248 0.026611
1.1443E-02 8.3868E+02 8.8493E+00 1.7087E+00 1.1849E-01 5.2849E-26 0.324370 0.641203 0.000833 0.000248 0.033519
3.5189E-02 3.6054E+03 7.9870E-01 9.4002E+00 1.1933E-01 5.3402E-26 0.897043 0.018418 0.000414 0.000248 0.084123
3.1051E-02 6.3773E+02 3.4711E+00 2.3857E+00 1.1750E-01 6.4948E-26 0.512596 0.429822 0.008642 0.001353 0.047579
1.8360E-02 9.0704E+03 6.9024E+00 9.6063E+00 1.1948E-01 6.3705E-26 0.738075 0.192708 0.008642 0.001353 0.069202
3.7217E+00 1.4082E+04 1.5576E+00 2.3196E+00 1.1794E-01 9.8306E-26 0.548499 0.235604 0.164265 0.001353 0.051427
8.9557E-02 1.0534E+03 8.0524E+00 2.2766E+00 1.1876E-01 6.1437E-26 0.347427 0.589571 0.027167 0.001557 0.034250
8.3906E-01 4.3840E+03 7.2211E+00 8.2714E-01 1.1743E-01 7.6462E-26 0.297374 0.564003 0.110167 0.000311 0.028032
1.3838E+00 5.6776E+03 4.7598E+00 5.8535E-01 1.1944E-01 8.6649E-26 0.374444 0.432342 0.157629 0.000258 0.035166
1.3797E-01 1.1007E+03 6.5512E+00 2.3272E+00 1.1945E-01 6.8237E-26 0.404696 0.500923 0.052677 0.002780 0.038868
1.9476E-02 9.5854E+03 5.1125E-01 9.7699E+00 1.1784E-01 5.3348E-26 0.911197 0.003355 0.052677 0.002780 0.085430
1.8874E+00 1.2072E+04 8.9245E+00 8.5313E-01 1.1732E-01 7.0046E-26 0.226490 0.671342 0.080794 0.002780 0.021265
1.4523E-02 5.6015E+02 1.5350E+00 6.9508E-01 1.1825E-01 6.7094E-26 0.511994 0.438417 0.002416 0.000479 0.046691
1.4222E-02 8.3952E+02 8.3358E+00 2.9526E+00 1.1954E-01 5.5068E-26 0.379237 0.581523 0.001231 0.000111 0.037897
2.1248E+00 2.2326E+04 5.7021E+00 7.5622E+00 1.1890E-01 8.0744E-26 0.680178 0.230002 0.026025 0.000111 0.063766
1.6855E+00 5.9216E+03 1.9626E+00 6.7249E-01 1.1824E-01 9.5342E-26 0.461508 0.299579 0.195126 0.000292 0.043295
3.0861E-02 1.2307E+03 5.9972E+00 7.3090E+00 1.1866E-01 6.0562E-26 0.651221 0.285173 0.002424 0.000292 0.061080
1.1227E-02 7.7638E+02 8.2494E+00 6.0761E-01 1.1827E-01 5.3218E-26 0.336230 0.628036 0.000932 0.000292 0.034703
1.4171E-02 1.4036E+03 9.9747E+00 5.6308E+00 1.1824E-01 5.6026E-26 0.409634 0.550336 0.000425 0.000292 0.039591
2.7438E+00 1.0261E+04 8.4227E-01 2.2372E+00 1.1947E-01 9.6000E-26 0.563482 0.211528 0.171902 0.000292 0.052832
2.7675E-01 1.3582E+04 3.0467E+00 9.8030E+00 1.1730E-01 6.3214E-26 0.863385 0.054149 0.001525 0.000292 0.080940
5.6303E-02 3.9157E+03 5.3706E+00 9.2992E+00 1.1956E-01 6.1782E-26 0.779824 0.146267 0.000777 0.000292 0.073128
1.8591E-02 1.0727E+03 8.3337E+00 5.5256E+00 1.1930E-01 5.7365E-26 0.477808 0.474999 0.001228 0.000292 0.045898
3.6421E+00 1.3298E+04 6.3195E-01 2.0828E+00 1.1948E-01 9.7181E-26 0.560818 0.207998 0.178373 0.000292 0.052582
5.4595E-01 6.8710E+03 1.0466E+00 8.2747E+00 1.1741E-01 6.7631E-26 0.851235 0.047300 0.021625 0.000292 0.079795
1.2253E+00 1.5937E+04 4.7404E+00 8.2955E+00 1.1819E-01 7.6120E-26 0.746283 0.165718 0.018014 0.000292 0.069963
1.5011E-02 1.0125E+04 9.9017E-01 9.8252E+00 1.1906E-01 5.3931E-26 0.908245 0.006594 0.018014 0.000292 0.085152
4.6633E-01 5.9902E+03 6.9459E-01 8.1840E+00 1.1907E-01 6.5416E-26 0.858268 0.039769 0.021456 0.000292 0.080454
8.6774E-01 5.4605E+03 8.5380E+00 1.0162E+00 1.1740E-01 7.0167E-26 0.249854 0.643328 0.083033 0.000147 0.023554
5.4775E+00 1.9148E+04 1.3307E+00 1.4580E+00 1.1734E-01 1.0095E-25 0.513567 0.250488 0.187579 0.000147 0.048152
3.9093E-01 2.2711E+03 5.4208E+00 3.4274E+00 1.1781E-01 8.0469E-26 0.493252 0.375123 0.084196 0.000964 0.046378
2.0768E-02 6.3385E+02 2.2184E+00 3.2595E+00 1.1935E-01 6.3251E-26 0.555541 0.388660 0.004044 0.000637 0.051114
3.7977E+00 1.6718E+04 9.6874E-01 4.1137E+00 1.1795E-01 9.4337E-26 0.647076 0.165491 0.126619 0.000637 0.060665
2.5009E-01 1.8220E+03 1.4240E+00 5.9670E+00 1.1773E-01 7.4749E-26 0.731752 0.141082 0.057738 0.001052 0.068316
1.2340E-02 5.7628E+02 2.4292E+00 1.0574E+00 1.1917E-01 6.4956E-26 0.506238 0.445091 0.001701 0.000320 0.046649
1.6444E-02 6.2452E+02 2.6366E+00 2.9956E+00 1.1909E-01 6.2983E-26 0.540593 0.406447 0.002632 0.000425 0.049900
1.5914E+00 6.0443E+03 8.3734E-01 2.3171E+00 1.1826E-01 9.4712E-26 0.568139 0.209929 0.168250 0.000241 0.053269
2.7337E-02 5.0527E+03 8.6528E-01 9.6065E+00 1.1881E-01 5.3412E-26 0.903648 0.011489 0.000127 0.000241 0.084736
1.6075E+00 9.3217E+03 8.0393E+00 1.3832E+00 1.1828E-01 7.5535E-26 0.293623 0.587631 0.091034 0.000241 0.027568
2.8404E-01 6.5155E+03 9.9443E-01 9.0228E+00 1.1756E-01 6.1026E-26 0.884289 0.025573 0.007223 0.000241 0.082899
1.7370E-02 1.1789E+03 5.0964E-01 8.1815E+00 1.1839E-01 5.5471E-26 0.805056 0.119001 0.000916 0.000241 0.074984
1.1072E-02 6.4862E+02 2.8980E+00 3.9436E+00 1.1758E-01 6.2013E-26 0.561435 0.385458 0.001125 0.000168 0.051813
5.4785E-01 3.1641E+03 2.4211E+00 5.1131E+00 1.1787E-01 8.2900E-26 0.664595 0.189588 0.082998 0.000469 0.062264
4.0503E-01 8.7147E+03 2.3349E+00 9.1121E+00 1.1759E-01 6.5097E-26 0.856057 0.055981 0.007698 0.000469 0.080252
2.8907E-02 6.0283E+02 5.4229E-01 2.7473E+00 1.1730E-01 6.7098E-26 0.562238 0.377236 0.008143 0.001420 0.050954
1.6802E-02 8.0946E+03 1.2863E+00 9.8906E+00 1.1737E-01 5.5125E-26 0.904437 0.010749 0.008143 0.001420 0.084796
4.8032E-02 9.7582E+02 7.9915E+00 3.7841E+00 1.1881E-01 5.9763E-26 0.418199 0.531091 0.009453 0.000629 0.040618
1.3043E-01 5.8820E+03 8.1857E-01 9.3871E+00 1.1765E-01 5.6784E-26 0.899301 0.014370 0.002010 0.000629 0.084315
1.4576E-02 3.3291E+03 3.1252E+00 9.6660E+00 1.1854E-01 5.7087E-26 0.858739 0.060668 0.002010 0.000629 0.080515
1.2127E-02 1.3934E+03 9.9492E+00 5.7675E+00 1.1743E-01 5.6435E-26 0.417994 0.541346 0.000314 0.000629 0.040336
2.2360E-02 7.2941E+02 5.7827E+00 3.4311E+00 1.1903E-01 6.0146E-26 0.485964 0.463612 0.003697 0.000442 0.046281
2.7890E-01 1.2177E+04 8.7203E-01 9.5210E+00 1.1772E-01 5.8182E-26 0.901722 0.011646 0.002093 0.000442 0.084536
1.0746E-02 1.1819E+03 6.7754E+00 7.2736E+00 1.1943E-01 5.8091E-26 0.618585 0.322790 0.000334 0.000442 0.058276
1.0430E+00 5.1034E+03 6.6213E+00 7.5530E-01 1.1936E-01 7.8463E-26 0.316117 0.531267 0.122497 0.000251 0.029743
6.6710E-02 1.1271E+03 8.9697E+00 2.8834E+00 1.1928E-01 5.7915E-26 0.332697 0.619522 0.014039 0.000695 0.033032
2.8764E-02 6.9783E+02 5.7801E+00 2.0686E+00 1.1948E-01 6.0658E-26 0.446270 0.503283 0.006618 0.000866 0.042955
1.9001E-02 5.8058E+02 2.9852E+00 6.1131E-01 1.1807E-01 6.5743E-26 0.491129 0.458789 0.003906 0.000727 0.045446
1.0576E-01 1.2930E+03 1.1512E+00 6.9500E+00 1.1733E-01 6.5771E-26 0.772475 0.131379 0.023479 0.000876 0.071766
2.2372E-01 1.4272E+04 2.4226E+00 9.8758E+00 1.1739E-01 6.1101E-26 0.881200 0.035255 0.000934 0.000876 0.082610
9.5529E-01 4.6032E+03 6.5030E+00 7.0069E-01 1.1866E-01 7.9107E-26 0.318375 0.526064 0.125141 0.000319 0.029974
3.5799E-01 2.5650E+03 1.4105E+00 6.1845E+00 1.1904E-01 7.5277E-26 0.745612 0.124575 0.059442 0.000523 0.069787
1.0372E-02 5.5685E+03 5.0888E-01 9.6514E+00 1.1831E-01 5.2416E-26 0.907864 0.006988 0.059442 0.000523 0.085132
1.2871E+00 1.2984E+04 1.9249E+00 7.8944E+00 1.1897E-01 7.3870E-26 0.809580 0.083646 0.030838 0.000523 0.075895
2.3164E-01 8.2450E+03 2.7033E+00 9.4259E+00 1.1936E-01 6.1651E-26 0.862508 0.053656 0.002971 0.000523 0.080860
1.3931E-02 5.6995E+03 7.0865E-01 9.6985E+00 1.1791E-01 5.3154E-26 0.906903 0.008032 0.002971 0.000523 0.085039
3.9454E-01 2.4547E+03 5.6034E-01 5.6814E+00 1.1788E-01 7.8078E-26 0.739821 0.114343 0.075816 0.000734 0.069208
3.4915E-02 1.0837E+03 9.6070E+00 3.0060E+00 1.1904E-01 5.4286E-26 0.311214 0.652594 0.004467 0.000238 0.031481
1.0759E-02 6.7312E+02 6.5665E+00 6.8236E-01 1.1808E-01 5.8016E-26 0.409048 0.549501 0.001052 0.000146 0.040251
3.3900E-02 2.8006E+03 5.3471E-01 9.2876E+00 1.1776E-01 5.3868E-26 0.891032 0.024788 0.000632 0.000146 0.083543
3.2655E-01 5.1345E+03 1.5615E+00 8.4920E+00 1.1930E-01 6.4405E-26 0.852626 0.052857 0.014550 0.000146 0.079923
1.5640E-02 6.7120E+02 1.0363E+00 4.7305E+00 1.1825E-01 6.1984E-26 0.613199 0.328309 0.002087 0.000293 0.056108
1.6728E+00 9.3355E+03 7.9822E+00 7.0454E-01 1.1837E-01 7.3749E-26 0.259506 0.615308 0.100652 0.000293 0.024374
2.7063E+00 1.3422E+04 8.8544E-01 4.9661E+00 1.1835E-01 8.9540E-26 0.691344 0.138641 0.105067 0.000293 0.064813
5.6047E-02 9.0214E+02 8.5784E-01 6.1453E+00 1.1869E-01 6.3064E-26 0.715721 0.203013 0.014246 0.001118 0.065887
4.6318E-01 3.2407E+03 8.6479E+00 1.5234E+00 1.1791E-01 6.7928E-26 0.269420 0.635355 0.069194 0.000371 0.025590
1.2462E-02 1.2295E+03 5.5247E-01 8.3466E+00 1.1895E-01 5.4465E-26 0.812780 0.110945 0.000442 0.000371 0.075815
2.3469E+00 9.8741E+03 4.0456E+00 2.1628E+00 1.1759E-01 9.3624E-26 0.474188 0.341800 0.139332 0.000371 0.044468
1.8094E-01 6.7665E+03 3.3934E+00 9.4434E+00 1.1839E-01 6.2762E-26 0.844339 0.073855 0.002644 0.000371 0.079156
1.3983E-02 5.8907E+02 3.5542E+00 7.0497E-01 1.1856E-01 6.4161E-26 0.484671 0.467643 0.002111 0.000381 0.045192
1.0657E-01 1.2076E+03 5.5805E+00 5.3517E+00 1.1833E-01 6.8283E-26 0.578829 0.339430 0.026298 0.001134 0.054282
3.0899E-02 5.4620E+03 8.8401E+00 8.6329E+00 1.1844E-01 6.3570E-26 0.617024 0.324963 0.000117 0.001134 0.057896
1.2932E+00 5.4389E+03 4.9787E+00 8.9579E-01 1.1781E-01 8.7416E-26 0.383453 0.431443 0.148674 0.000266 0.036011
5.4738E-01 3.2882E+03 4.4169E+00 4.7237E+00 1.1723E-01 8.3397E-26 0.587891 0.280175 0.076330 0.000397 0.055128
3.1602E-01 9.7764E+03 5.1213E+00 9.2414E+00 1.1898E-01 6.7183E-26 0.782436 0.140596 0.003610 0.000397 0.073354
5.5611E-02 1.1769E+03 5.0882E+00 6.8387E+00 1.1826E-01 6.3284E-26 0.660199 0.269521 0.008205 0.000370 0.061696
2.2287E+00 8.6868E+03 1.2707E+00 2.5799E+00 1.1862E-01 9.5349E-26 0.569153 0.218012 0.159203 0.000106 0.053364
1.8532E-01 6.3305E+03 1.1481E+00 9.2862E+00 1.1821E-01 5.8558E-26 0.891429 0.021594 0.003396 0.000106 0.083573
2.9468E-02 1.5619E+03 3.7270E+00 8.5781E+00 1.1910E-01 5.8782E-26 0.784508 0.140664 0.001411 0.000106 0.073380
6.1624E-01 3.4706E+03 7.4702E+00 1.1564E+00 1.1807E-01 7.4128E-26 0.302944 0.570192 0.097672 0.000453 0.028639
1.2721E+00 1.3361E+04 8.2201E+00 6.1468E+00 1.1785E-01 7.8129E-26 0.526163 0.397566 0.026900 0.000453 0.049336
