# d0 d+ = 5.000000 10.000000 
Lambda345 MDM Omega SigmaV
1.0609E-02 9.0438E+03 1.1840E-01 6.1875E-26 
1.0927E-02 9.0438E+03 1.1839E-01 6.1890E-26 
1.3048E-02 9.2247E+03 1.1840E-01 6.1966E-26 
1.5580E-02 9.4092E+03 1.1840E-01 6.2058E-26 
1.8061E-02 9.5973E+03 1.1841E-01 6.2144E-26 
2.0938E-02 9.7893E+03 1.1840E-01 6.2243E-26 
2.3566E-02 9.9851E+03 1.1841E-01 6.2328E-26 
2.6523E-02 1.0185E+04 1.1841E-01 6.2422E-26 
2.9852E-02 1.0388E+04 1.1839E-01 6.2528E-26 
3.2620E-02 1.0596E+04 1.1841E-01 6.2607E-26 
3.5645E-02 1.0808E+04 1.1841E-01 6.2693E-26 
3.8950E-02 1.1024E+04 1.1841E-01 6.2785E-26 
4.2562E-02 1.1245E+04 1.1840E-01 6.2885E-26 
4.6509E-02 1.1470E+04 1.1839E-01 6.2992E-26 
5.3917E-02 1.1933E+04 1.1839E-01 6.3177E-26 
5.7200E-02 1.2172E+04 1.1841E-01 6.3248E-26 
1.0331E-01 1.4837E+04 1.1841E-01 6.4167E-26 
1.3884E-01 1.6709E+04 1.1840E-01 6.4724E-26 
1.5171E-01 1.7384E+04 1.1841E-01 6.4899E-26 
1.6578E-01 1.8087E+04 1.1841E-01 6.5082E-26 
1.8115E-01 1.8817E+04 1.1840E-01 6.5277E-26 
2.9070E-01 2.3865E+04 1.1839E-01 6.6364E-26 
3.4711E-01 2.6349E+04 1.1840E-01 6.6792E-26 
4.2690E-01 2.9673E+04 1.1840E-01 6.7319E-26 
