# d0 d+ = 0.500000 0.500000 
Lambda345 MDM Omega SigmaV
2.2213E-02 5.5428E+02 1.1878E-01 6.8596E-26 
2.2879E-02 5.5428E+02 1.1861E-01 6.8736E-26 
2.3566E-02 5.5428E+02 1.1843E-01 6.8884E-26 
2.4273E-02 5.5428E+02 1.1824E-01 6.9040E-26 
2.5001E-02 5.5428E+02 1.1804E-01 6.9203E-26 
3.7816E-02 5.6536E+02 1.1840E-01 6.9891E-26 
4.9341E-02 5.7667E+02 1.1827E-01 7.0935E-26 
5.8916E-02 5.8820E+02 1.1835E-01 7.1770E-26 
6.8300E-02 5.9997E+02 1.1808E-01 7.2848E-26 
8.4000E-02 6.2421E+02 1.1831E-01 7.4284E-26 
9.1789E-02 6.3669E+02 1.1815E-01 7.5173E-26 
1.1289E-01 6.7566E+02 1.1831E-01 7.7155E-26 
1.1976E-01 6.8917E+02 1.1829E-01 7.7816E-26 
1.6578E-01 7.9164E+02 1.1863E-01 8.1431E-26 
1.8659E-01 8.4010E+02 1.1802E-01 8.3303E-26 
1.9219E-01 8.5690E+02 1.1874E-01 8.3136E-26 
3.0840E-01 1.1763E+03 1.1853E-01 8.8311E-26 
3.6825E-01 1.3512E+03 1.1802E-01 9.0189E-26 
4.1447E-01 1.4919E+03 1.1802E-01 9.1038E-26 
4.5290E-01 1.6149E+03 1.1862E-01 9.1137E-26 
5.9093E-01 2.0480E+03 1.1847E-01 9.2753E-26 
7.9416E-01 2.7023E+03 1.1878E-01 9.3822E-26 
9.2065E-01 3.1041E+03 1.1829E-01 9.4774E-26 
1.1323E+00 3.7839E+03 1.1806E-01 9.5707E-26 
1.2012E+00 4.0155E+03 1.1854E-01 9.5499E-26 
1.5673E+00 5.1945E+03 1.1823E-01 9.6604E-26 
1.6628E+00 5.5125E+03 1.1860E-01 9.6481E-26 
2.3017E+00 7.5674E+03 1.1824E-01 9.7761E-26 
2.4419E+00 8.0306E+03 1.1856E-01 9.7678E-26 
3.5860E+00 1.1699E+04 1.1829E-01 9.9072E-26 
3.8044E+00 1.2415E+04 1.1858E-01 9.9009E-26 
5.5868E+00 1.8087E+04 1.1824E-01 1.0050E-25 
5.9271E+00 1.9194E+04 1.1853E-01 1.0044E-25 
