# d0 d+ = 5.000000 5.000000 
Lambda345 MDM Omega SigmaV
1.3048E-02 7.6090E+02 1.1870E-01 5.9393E-26 
1.3439E-02 7.6090E+02 1.1849E-01 5.9536E-26 
1.3842E-02 7.6090E+02 1.1827E-01 5.9684E-26 
1.4258E-02 7.6090E+02 1.1805E-01 5.9837E-26 
1.8603E-02 7.7612E+02 1.1872E-01 5.9988E-26 
1.9161E-02 7.7612E+02 1.1841E-01 6.0198E-26 
1.9736E-02 7.7612E+02 1.1809E-01 6.0415E-26 
2.4273E-02 7.9164E+02 1.1856E-01 6.0685E-26 
2.5001E-02 7.9164E+02 1.1815E-01 6.0966E-26 
2.9852E-02 8.0748E+02 1.1837E-01 6.1396E-26 
3.4607E-02 8.2363E+02 1.1858E-01 6.1819E-26 
4.0119E-02 8.4010E+02 1.1829E-01 6.2569E-26 
4.5154E-02 8.5690E+02 1.1823E-01 6.3149E-26 
4.9341E-02 8.7404E+02 1.1863E-01 6.3397E-26 
5.3917E-02 8.9152E+02 1.1877E-01 6.3811E-26 
5.8916E-02 9.0935E+02 1.1864E-01 6.4401E-26 
6.4379E-02 9.2754E+02 1.1822E-01 6.5180E-26 
6.8300E-02 9.4609E+02 1.1869E-01 6.5327E-26 
9.1789E-02 1.0446E+03 1.1870E-01 6.7512E-26 
9.7379E-02 1.0654E+03 1.1822E-01 6.8267E-26 
1.0641E-01 1.1085E+03 1.1849E-01 6.8855E-26 
1.1628E-01 1.1533E+03 1.1836E-01 6.9690E-26 
1.3087E-01 1.2239E+03 1.1841E-01 7.0690E-26 
1.5171E-01 1.3248E+03 1.1812E-01 7.2171E-26 
1.5627E-01 1.3512E+03 1.1843E-01 7.2252E-26 
1.6095E-01 1.3783E+03 1.1869E-01 7.2343E-26 
2.2948E-01 1.7480E+03 1.1869E-01 7.5300E-26 
2.3636E-01 1.7829E+03 1.1846E-01 7.5684E-26 
2.4346E-01 1.8186E+03 1.1820E-01 7.6088E-26 
2.9070E-01 2.0890E+03 1.1837E-01 7.7284E-26 
3.2718E-01 2.3064E+03 1.1874E-01 7.7841E-26 
3.3700E-01 2.3526E+03 1.1820E-01 7.8414E-26 
3.6825E-01 2.5465E+03 1.1877E-01 7.8591E-26 
3.7930E-01 2.5974E+03 1.1815E-01 7.9216E-26 
4.1447E-01 2.8115E+03 1.1851E-01 7.9511E-26 
4.5290E-01 3.0433E+03 1.1872E-01 7.9880E-26 
4.6649E-01 3.1041E+03 1.1824E-01 8.0577E-26 
5.0974E-01 3.3600E+03 1.1830E-01 8.1037E-26 
5.5701E-01 3.6370E+03 1.1826E-01 8.1555E-26 
6.0866E-01 3.9368E+03 1.1815E-01 8.2124E-26 
7.0560E-01 4.5221E+03 1.1858E-01 8.2591E-26 
7.7103E-01 4.8949E+03 1.1830E-01 8.3262E-26 
8.9384E-01 5.6227E+03 1.1851E-01 8.3865E-26 
9.7672E-01 6.0862E+03 1.1813E-01 8.4611E-26 
1.0362E+00 6.4587E+03 1.1863E-01 8.4527E-26 
1.1323E+00 6.9911E+03 1.1821E-01 8.5310E-26 
1.2012E+00 7.4191E+03 1.1868E-01 8.5235E-26 
1.3126E+00 8.0306E+03 1.1822E-01 8.6048E-26 
1.3926E+00 8.5222E+03 1.1868E-01 8.5992E-26 
1.5217E+00 9.2247E+03 1.1819E-01 8.6826E-26 
1.6144E+00 9.7893E+03 1.1864E-01 8.6777E-26 
1.7641E+00 1.0596E+04 1.1812E-01 8.7638E-26 
1.8715E+00 1.1245E+04 1.1855E-01 8.7587E-26 
2.0450E+00 1.2172E+04 1.1801E-01 8.8464E-26 
2.1696E+00 1.2917E+04 1.1843E-01 8.8425E-26 
2.5151E+00 1.4837E+04 1.1827E-01 8.9286E-26 
2.6683E+00 1.5745E+04 1.1866E-01 8.9251E-26 
2.9157E+00 1.7043E+04 1.1807E-01 9.0166E-26 
3.0933E+00 1.8087E+04 1.1845E-01 9.0128E-26 
3.5860E+00 2.0776E+04 1.1820E-01 9.1028E-26 
3.8044E+00 2.2047E+04 1.1856E-01 9.0998E-26 
4.4103E+00 2.5326E+04 1.1825E-01 9.1909E-26 
4.6789E+00 2.6876E+04 1.1859E-01 9.1878E-26 
