# d0 d+ = 10.000000 0.500000 
Lambda345 MDM Omega SigmaV
1.4685E-02 1.0241E+03 1.1848E-01 4.7125E-26 
1.5126E-02 1.0241E+03 1.1837E-01 4.7210E-26 
2.0328E-02 1.0446E+03 1.1846E-01 4.7416E-26 
2.0938E-02 1.0446E+03 1.1830E-01 4.7537E-26 
2.5751E-02 1.0654E+03 1.1844E-01 4.7700E-26 
3.0748E-02 1.0868E+03 1.1849E-01 4.7917E-26 
4.1323E-02 1.1307E+03 1.1832E-01 4.8536E-26 
5.0821E-02 1.1763E+03 1.1835E-01 4.8979E-26 
5.5534E-02 1.1999E+03 1.1834E-01 4.9199E-26 
6.4379E-02 1.2483E+03 1.1847E-01 4.9529E-26 
9.1789E-02 1.4058E+03 1.1847E-01 5.0658E-26 
1.1976E-01 1.5832E+03 1.1843E-01 5.1653E-26 
1.3884E-01 1.7137E+03 1.1846E-01 5.2193E-26 
2.5076E-01 2.5465E+03 1.1844E-01 5.4408E-26 
2.9942E-01 2.9251E+03 1.1837E-01 5.5072E-26 
3.3700E-01 3.2295E+03 1.1849E-01 5.5385E-26 
3.7930E-01 3.5657E+03 1.1846E-01 5.5796E-26 
4.2690E-01 3.9368E+03 1.1829E-01 5.6294E-26 
4.6649E-01 4.2613E+03 1.1839E-01 5.6499E-26 
5.0974E-01 4.6126E+03 1.1843E-01 5.6737E-26 
5.5701E-01 4.9928E+03 1.1842E-01 5.7006E-26 
6.0866E-01 5.4044E+03 1.1838E-01 5.7301E-26 
6.6510E-01 5.8499E+03 1.1830E-01 5.7620E-26 
7.7103E-01 6.7197E+03 1.1851E-01 5.7893E-26 
8.4253E-01 7.2736E+03 1.1837E-01 5.8260E-26 
9.7672E-01 8.3551E+03 1.1849E-01 5.8595E-26 
1.0673E+00 9.0438E+03 1.1831E-01 5.8998E-26 
1.2373E+00 1.0388E+04 1.1838E-01 5.9380E-26 
1.4343E+00 1.1933E+04 1.1843E-01 5.9776E-26 
1.6628E+00 1.3707E+04 1.1847E-01 6.0196E-26 
1.9276E+00 1.5745E+04 1.1849E-01 6.0627E-26 
2.2347E+00 1.8087E+04 1.1851E-01 6.1071E-26 
3.4815E+00 2.7413E+04 1.1851E-01 6.2468E-26 
