# d0 d+ = 10.000000 5.000000 
Lambda345 MDM Omega SigmaV
1.1593E-02 1.2483E+03 1.1849E-01 5.4722E-26 
1.1941E-02 1.2483E+03 1.1836E-01 5.4815E-26 
1.5126E-02 1.2733E+03 1.1836E-01 5.5099E-26 
1.8061E-02 1.2988E+03 1.1846E-01 5.5313E-26 
2.1566E-02 1.3248E+03 1.1833E-01 5.5676E-26 
2.4273E-02 1.3512E+03 1.1851E-01 5.5826E-26 
3.0748E-02 1.4058E+03 1.1845E-01 5.6384E-26 
4.0119E-02 1.4919E+03 1.1850E-01 5.7082E-26 
4.3839E-02 1.5217E+03 1.1832E-01 5.7447E-26 
4.6509E-02 1.5522E+03 1.1850E-01 5.7543E-26 
6.6311E-02 1.7480E+03 1.1845E-01 5.8849E-26 
7.6872E-02 1.8550E+03 1.1834E-01 5.9502E-26 
8.4000E-02 1.9299E+03 1.1830E-01 5.9896E-26 
9.4543E-02 2.0480E+03 1.1837E-01 6.0365E-26 
1.0960E-01 2.2169E+03 1.1836E-01 6.1015E-26 
1.1289E-01 2.2612E+03 1.1851E-01 6.1060E-26 
2.2948E-01 3.6370E+03 1.1844E-01 6.4327E-26 
2.3636E-01 3.7097E+03 1.1831E-01 6.4542E-26 
2.7401E-01 4.1778E+03 1.1845E-01 6.5074E-26 
3.1765E-01 4.7048E+03 1.1844E-01 6.5704E-26 
3.6825E-01 5.2984E+03 1.1830E-01 6.6417E-26 
4.1447E-01 5.8499E+03 1.1830E-01 6.6909E-26 
4.5290E-01 6.3321E+03 1.1850E-01 6.7136E-26 
5.0974E-01 6.9911E+03 1.1841E-01 6.7689E-26 
5.7372E-01 7.7188E+03 1.1829E-01 6.8274E-26 
6.2692E-01 8.3551E+03 1.1841E-01 6.8557E-26 
7.7103E-01 9.9851E+03 1.1831E-01 6.9499E-26 
8.4253E-01 1.0808E+04 1.1839E-01 6.9818E-26 
9.2065E-01 1.1699E+04 1.1845E-01 7.0145E-26 
1.0060E+00 1.2663E+04 1.1850E-01 7.0481E-26 
2.2347E+00 2.5832E+04 1.1847E-01 7.3801E-26 
2.4419E+00 2.7962E+04 1.1841E-01 7.4199E-26 
