# d0 d+ = 0.500000 1.000000 
Lambda345 MDM Omega SigmaV
1.0300E-02 5.5428E+02 1.1879E-01 6.7308E-26 
1.0609E-02 5.5428E+02 1.1873E-01 6.7358E-26 
1.0927E-02 5.5428E+02 1.1866E-01 6.7409E-26 
1.1255E-02 5.5428E+02 1.1860E-01 6.7464E-26 
1.1593E-02 5.5428E+02 1.1853E-01 6.7520E-26 
1.1941E-02 5.5428E+02 1.1845E-01 6.7579E-26 
1.2299E-02 5.5428E+02 1.1838E-01 6.7641E-26 
1.2668E-02 5.5428E+02 1.1830E-01 6.7705E-26 
1.3048E-02 5.5428E+02 1.1821E-01 6.7772E-26 
1.3439E-02 5.5428E+02 1.1813E-01 6.7842E-26 
1.3842E-02 5.5428E+02 1.1804E-01 6.7916E-26 
2.7319E-02 5.6536E+02 1.1873E-01 6.8321E-26 
2.8139E-02 5.6536E+02 1.1846E-01 6.8537E-26 
2.8983E-02 5.6536E+02 1.1818E-01 6.8765E-26 
4.0119E-02 5.7667E+02 1.1844E-01 6.9475E-26 
5.0821E-02 5.8820E+02 1.1816E-01 7.0587E-26 
5.8916E-02 5.9997E+02 1.1862E-01 7.1066E-26 
6.8300E-02 6.1197E+02 1.1808E-01 7.2321E-26 
9.7379E-02 6.6241E+02 1.1842E-01 7.5019E-26 
1.3087E-01 7.3136E+02 1.1839E-01 7.8167E-26 
1.5627E-01 7.9164E+02 1.1872E-01 8.0010E-26 
1.7588E-01 8.4010E+02 1.1860E-01 8.1487E-26 
2.1631E-01 9.4609E+02 1.1821E-01 8.4149E-26 
2.2280E-01 9.6501E+02 1.1842E-01 8.4320E-26 
2.2948E-01 9.8431E+02 1.1855E-01 8.4544E-26 
2.3636E-01 1.0040E+03 1.1860E-01 8.4822E-26 
2.4346E-01 1.0241E+03 1.1857E-01 8.5158E-26 
2.5076E-01 1.0446E+03 1.1846E-01 8.5541E-26 
2.5828E-01 1.0654E+03 1.1828E-01 8.5993E-26 
2.6603E-01 1.0868E+03 1.1802E-01 8.6471E-26 
3.2718E-01 1.2733E+03 1.1853E-01 8.7994E-26 
3.7930E-01 1.4340E+03 1.1831E-01 8.9346E-26 
4.2690E-01 1.5832E+03 1.1810E-01 9.0368E-26 
4.6649E-01 1.7137E+03 1.1856E-01 9.0592E-26 
5.0974E-01 1.8550E+03 1.1871E-01 9.1021E-26 
5.5701E-01 2.0079E+03 1.1858E-01 9.1640E-26 
6.0866E-01 2.1734E+03 1.1820E-01 9.2421E-26 
7.0560E-01 2.4965E+03 1.1856E-01 9.2887E-26 
8.1799E-01 2.8677E+03 1.1845E-01 9.3643E-26 
9.4827E-01 3.2941E+03 1.1803E-01 9.4624E-26 
1.0060E+00 3.4958E+03 1.1863E-01 9.4365E-26 
1.2373E+00 4.2613E+03 1.1836E-01 9.5404E-26 
1.6144E+00 5.5125E+03 1.1818E-01 9.6514E-26 
1.7127E+00 5.8499E+03 1.1857E-01 9.6395E-26 
2.2347E+00 7.5674E+03 1.1803E-01 9.7743E-26 
2.3708E+00 8.0306E+03 1.1835E-01 9.7660E-26 
2.5151E+00 8.5222E+03 1.1868E-01 9.7573E-26 
3.4815E+00 1.1699E+04 1.1824E-01 9.8999E-26 
3.6936E+00 1.2415E+04 1.1854E-01 9.8941E-26 
5.1127E+00 1.7043E+04 1.1801E-01 1.0045E-25 
5.4241E+00 1.8087E+04 1.1830E-01 1.0038E-25 
5.7544E+00 1.9194E+04 1.1859E-01 1.0032E-25 
