# d0 d+ = 1.000000 5.000000 
Lambda345 MDM Omega SigmaV
1.0000E-02 6.7566E+02 1.1821E-01 6.1087E-26 
1.0300E-02 6.7566E+02 1.1808E-01 6.1182E-26 
1.6528E-02 6.8917E+02 1.1863E-01 6.1440E-26 
1.7024E-02 6.8917E+02 1.1840E-01 6.1608E-26 
1.7535E-02 6.8917E+02 1.1816E-01 6.1782E-26 
2.3566E-02 7.0296E+02 1.1858E-01 6.2109E-26 
2.4273E-02 7.0296E+02 1.1824E-01 6.2363E-26 
2.9852E-02 7.1702E+02 1.1871E-01 6.2633E-26 
3.0748E-02 7.1702E+02 1.1825E-01 6.2968E-26 
3.6715E-02 7.3136E+02 1.1838E-01 6.3473E-26 
4.2562E-02 7.4598E+02 1.1846E-01 6.4000E-26 
4.7904E-02 7.6090E+02 1.1872E-01 6.4377E-26 
5.3917E-02 7.7612E+02 1.1852E-01 6.5069E-26 
7.0349E-02 8.2363E+02 1.1849E-01 6.6654E-26 
8.1554E-02 8.5690E+02 1.1813E-01 6.7889E-26 
8.6520E-02 8.7404E+02 1.1828E-01 6.8236E-26 
9.1789E-02 8.9152E+02 1.1824E-01 6.8711E-26 
9.7379E-02 9.0935E+02 1.1802E-01 6.9317E-26 
1.0641E-01 9.4609E+02 1.1879E-01 6.9576E-26 
1.1289E-01 9.6501E+02 1.1806E-01 7.0523E-26 
1.2336E-01 1.0040E+03 1.1805E-01 7.1299E-26 
1.3884E-01 1.0654E+03 1.1825E-01 7.2219E-26 
1.6095E-01 1.1533E+03 1.1803E-01 7.3677E-26 
1.6578E-01 1.1763E+03 1.1840E-01 7.3706E-26 
1.7076E-01 1.1999E+03 1.1871E-01 7.3759E-26 
2.4346E-01 1.5217E+03 1.1868E-01 7.6770E-26 
2.5076E-01 1.5522E+03 1.1840E-01 7.7195E-26 
2.5828E-01 1.5832E+03 1.1809E-01 7.7653E-26 
2.9942E-01 1.7829E+03 1.1868E-01 7.8340E-26 
3.0840E-01 1.8186E+03 1.1816E-01 7.8925E-26 
3.4711E-01 2.0079E+03 1.1849E-01 7.9507E-26 
3.9068E-01 2.2169E+03 1.1840E-01 8.0346E-26 
4.2690E-01 2.3996E+03 1.1877E-01 8.0621E-26 
4.8048E-01 2.6494E+03 1.1811E-01 8.1818E-26 
5.2503E-01 2.8677E+03 1.1811E-01 8.2323E-26 
5.7372E-01 3.1041E+03 1.1806E-01 8.2904E-26 
6.6510E-01 3.5657E+03 1.1851E-01 8.3324E-26 
7.2677E-01 3.8596E+03 1.1813E-01 8.4063E-26 
7.7103E-01 4.0958E+03 1.1872E-01 8.3886E-26 
8.4253E-01 4.4335E+03 1.1823E-01 8.4696E-26 
8.9384E-01 4.7048E+03 1.1876E-01 8.4555E-26 
9.7672E-01 5.0927E+03 1.1817E-01 8.5423E-26 
1.0362E+00 5.4044E+03 1.1865E-01 8.5308E-26 
1.2012E+00 6.2079E+03 1.1843E-01 8.6129E-26 
1.3926E+00 7.1310E+03 1.1814E-01 8.7014E-26 
1.4774E+00 7.5674E+03 1.1853E-01 8.6941E-26 
1.7127E+00 8.6926E+03 1.1815E-01 8.7875E-26 
1.8170E+00 9.2247E+03 1.1852E-01 8.7816E-26 
2.1064E+00 1.0596E+04 1.1807E-01 8.8796E-26 
2.2347E+00 1.1245E+04 1.1842E-01 8.8743E-26 
2.3708E+00 1.1933E+04 1.1877E-01 8.8698E-26 
2.7484E+00 1.3707E+04 1.1827E-01 8.9715E-26 
2.9157E+00 1.4546E+04 1.1860E-01 8.9669E-26 
3.3801E+00 1.6709E+04 1.1806E-01 9.0709E-26 
3.5860E+00 1.7732E+04 1.1838E-01 9.0669E-26 
3.8044E+00 1.8817E+04 1.1870E-01 9.0632E-26 
4.4103E+00 2.1615E+04 1.1812E-01 9.1696E-26 
4.6789E+00 2.2938E+04 1.1843E-01 9.1659E-26 
4.9638E+00 2.4342E+04 1.1873E-01 9.1620E-26 
5.7544E+00 2.7962E+04 1.1812E-01 9.2704E-26 
6.1049E+00 2.9673E+04 1.1841E-01 9.2670E-26 
