Lambda345 MDM pDD
0.025001 300.0 0.098848
0.025751 306.0 0.098767
0.026523 312.12 0.098691
0.027319 318.36 0.098618
0.028139 324.73 0.098549
0.028983 331.22 0.098483
0.029852 337.85 0.098421
0.030748 344.61 0.098363
0.03167 351.5 0.098308
0.03262 358.53 0.098256
0.033599 365.7 0.098207
0.034607 373.01 0.098161
0.035645 380.47 0.098119
0.036715 388.08 0.098079
0.037816 395.84 0.098042
0.03895 403.76 0.098007
0.040119 411.84 0.097975
0.041323 420.07 0.097946
0.042562 428.47 0.09792
0.043839 437.04 0.097895
0.045154 445.78 0.097873
0.046509 454.7 0.097854
0.047904 463.79 0.097836
0.049341 473.07 0.097821
0.050821 482.53 0.097808
0.052346 492.18 0.097797
0.053917 502.03 0.097788
0.055534 512.07 0.097781
0.0572 522.31 0.097776
0.058916 532.75 0.097773
0.060684 543.41 0.097772
0.062504 554.28 0.097772
0.064379 565.36 0.097774
0.066311 576.67 0.097778
0.0683 588.2 0.097783
0.070349 599.97 0.09779
0.072459 611.97 0.097799
0.074633 624.21 0.097809
0.076872 636.69 0.09782
0.079178 649.42 0.097833
0.081554 662.41 0.097848
0.084 675.66 0.097863
0.08652 689.17 0.09788
0.089116 702.96 0.097899
0.091789 717.02 0.097918
0.094543 731.36 0.097939
0.097379 745.98 0.097961
0.1003 760.9 0.097984
0.10331 776.12 0.098009
0.10641 791.64 0.098034
0.1096 807.48 0.098061
0.11289 823.63 0.098089
0.11628 840.1 0.098117
0.11976 856.9 0.098147
0.12336 874.04 0.098178
0.12706 891.52 0.09821
0.13087 909.35 0.098242
0.1348 927.54 0.098276
0.13884 946.09 0.09831
0.143 965.01 0.098346
0.14729 984.31 0.098382
0.15171 1004.0 0.098419
0.15627 1024.1 0.098457
0.16095 1044.6 0.098496
0.16578 1065.4 0.098535
0.17076 1086.8 0.098575
0.17588 1108.5 0.098616
0.18115 1130.7 0.098658
0.18659 1153.3 0.098701
0.19219 1176.3 0.098744
0.19795 1199.9 0.098788
0.20389 1223.9 0.098832
0.21001 1248.3 0.098878
0.21631 1273.3 0.098923
0.2228 1298.8 0.09897
0.22948 1324.8 0.099017
0.23636 1351.2 0.099065
0.24346 1378.3 0.099113
0.25076 1405.8 0.099162
0.25828 1434.0 0.099211
0.26603 1462.6 0.099262
0.27401 1491.9 0.099312
0.28223 1521.7 0.099363
0.2907 1552.2 0.099415
0.29942 1583.2 0.099467
0.3084 1614.9 0.09952
0.31765 1647.2 0.099573
0.32718 1680.1 0.099626
0.337 1713.7 0.09968
0.34711 1748.0 0.099735
0.35752 1782.9 0.09979
0.36825 1818.6 0.099845
0.3793 1855.0 0.099901
0.39068 1892.1 0.099957
0.4024 1929.9 0.10001
0.41447 1968.5 0.10007
0.4269 2007.9 0.10013
0.43971 2048.0 0.10019
0.4529 2089.0 0.10024
0.46649 2130.8 0.1003
0.48048 2173.4 0.10036
0.4949 2216.9 0.10042
0.50974 2261.2 0.10048
0.52503 2306.4 0.10054
0.54079 2352.6 0.1006
0.55701 2399.6 0.10066
0.57372 2447.6 0.10072
0.59093 2496.5 0.10079
0.60866 2546.5 0.10085
0.62692 2597.4 0.10091
0.64573 2649.4 0.10097
0.6651 2702.3 0.10103
0.68505 2756.4 0.1011
0.7056 2811.5 0.10116
0.72677 2867.7 0.10122
0.74857 2925.1 0.10129
0.77103 2983.6 0.10135
0.79416 3043.3 0.10142
0.81799 3104.1 0.10148
0.84253 3166.2 0.10154
0.8678 3229.5 0.10161
0.89384 3294.1 0.10168
0.92065 3360.0 0.10174
0.94827 3427.2 0.10181
0.97672 3495.8 0.10187
1.006 3565.7 0.10194
1.0362 3637.0 0.10201
1.0673 3709.7 0.10207
1.0993 3783.9 0.10214
1.1323 3859.6 0.10221
1.1663 3936.8 0.10227
1.2012 4015.5 0.10234
1.2373 4095.8 0.10241
1.2744 4177.8 0.10248
1.3126 4261.3 0.10254
1.352 4346.5 0.10261
1.3926 4433.5 0.10268
1.4343 4522.1 0.10275
1.4774 4612.6 0.10282
1.5217 4704.8 0.10289
1.5673 4798.9 0.10296
1.6144 4894.9 0.10303
1.6628 4992.8 0.1031
1.7127 5092.7 0.10317
1.7641 5194.5 0.10324
1.817 5298.4 0.10331
1.8715 5404.4 0.10338
1.9276 5512.5 0.10345
1.9855 5622.7 0.10352
2.045 5735.2 0.10359
2.1064 5849.9 0.10366
2.1696 5966.9 0.10373
2.2347 6086.2 0.1038
2.3017 6207.9 0.10387
2.3708 6332.1 0.10394
2.4419 6458.7 0.10402
2.5151 6587.9 0.10409
2.5906 6719.7 0.10416
2.6683 6854.1 0.10423
2.7484 6991.1 0.1043
2.8308 7131.0 0.10437
2.9157 7273.6 0.10445
3.0032 7419.1 0.10452
3.0933 7567.4 0.10459
3.1861 7718.8 0.10467
3.2817 7873.2 0.10474
3.3801 8030.6 0.10481
3.4815 8191.2 0.10488
3.586 8355.1 0.10496
3.6936 8522.2 0.10503
3.8044 8692.6 0.1051
3.9185 8866.5 0.10518
4.0361 9043.8 0.10525
4.1571 9224.7 0.10532
4.2818 9409.2 0.1054
4.4103 9597.3 0.10547
4.5426 9789.3 0.10555
4.6789 9985.1 0.10562
4.8193 10185.0 0.10569
4.9638 10388.0 0.10577
5.1127 10596.0 0.10584
5.2661 10808.0 0.10592
5.4241 11024.0 0.10599
5.5868 11245.0 0.10607
5.7544 11470.0 0.10614
5.9271 11699.0 0.10622
6.1049 11933.0 0.10629
