Lambda345 MDM
0.015126 300.0
0.0151325 306.0
0.0155865 312.12
0.016054 318.36
0.0165355 324.73
0.017031499999999998 331.22
0.017542500000000003 337.85
0.018069 344.61
0.018611000000000003 351.5
0.0191695 358.53
0.019744499999999998 365.7
0.020337 373.01
0.020947 380.47
0.021575499999999997 388.08
0.0222225 395.84
0.0228895 403.76
0.023576 411.84
0.0242835 420.07
0.025012 428.47
0.025762 437.04
0.026535 445.78
0.027331 454.7
0.028151 463.79
0.0289955 473.07
0.0298655 482.53
0.030760999999999997 492.18
0.031684000000000004 502.03
0.0326345 512.07
0.033613500000000004 522.31
0.034622 532.75
0.035661 543.41
0.0367305 554.28
0.0378325 565.36
0.0389675 576.67
0.0401365 588.2
0.0413405 599.97
0.042581 611.97
0.043858 624.21
0.045174000000000006 636.69
0.046529 649.42
0.047925 662.41
0.049362500000000004 675.66
0.0508435 689.17
0.052369 702.96
0.05394 717.02
0.0555585 731.36
0.057225 745.98
0.058942 760.9
0.06071 776.12
0.0625315 791.64
0.0644075 807.48
0.0663395 823.63
0.06833 840.1
0.0703795 856.9
0.071404 874.04
0.073546 891.52
0.076872 909.35
0.079178 927.54
0.081554 946.09
0.084 965.01
0.08652 984.31
0.089116 1004.0
0.091789 1024.1
0.094543 1044.6
0.097379 1065.4
0.1003 1086.8
0.10331 1108.5
0.10641 1130.7
0.1096 1153.3
0.11289 1176.3
0.11628 1199.9
0.11976 1223.9
0.12336 1248.3
0.12706 1273.3
0.13087 1298.8
0.1348 1324.8
0.13884 1351.2
0.143 1378.3
0.14729 1405.8
0.15171 1434.0
0.15627 1462.6
0.16095 1491.9
0.16578 1521.7
0.17076 1552.2
0.17588 1583.2
0.18115 1614.9
0.18659 1647.2
0.19219 1680.1
0.19795 1713.7
0.20389 1748.0
0.21001 1782.9
0.21631 1818.6
0.2228 1855.0
0.22948 1892.1
0.23636 1929.9
0.24346 1968.5
0.25076 2007.9
0.25828 2048.0
0.26603 2089.0
0.27401 2130.8
0.28223 2173.4
0.2907 2216.9
0.29942 2261.2
0.3084 2306.4
0.31765 2352.6
0.32718 2399.6
0.337 2447.6
0.34711 2496.5
0.35752 2546.5
0.36825 2597.4
0.3793 2649.4
0.39068 2702.3
0.4024 2756.4
0.41447 2811.5
0.4269 2867.7
0.43971 2925.1
0.4529 2983.6
0.46649 3043.3
0.48048 3104.1
0.4949 3166.2
0.50974 3229.5
0.52503 3294.1
0.54079 3360.0
0.55701 3427.2
0.57372 3495.8
0.59093 3565.7
0.60866 3637.0
0.62692 3709.7
0.64573 3783.9
0.6651 3859.6
0.695325 3936.8
0.7161850000000001 4015.5
0.727085 4095.8
0.7489 4177.8
0.771365 4261.3
0.79451 4346.5
0.818345 4433.5
0.842895 4522.1
0.868185 4612.6
0.894225 4704.8
0.921055 4798.9
0.948685 4894.9
0.977135 4992.8
1.0064600000000001 5092.7
1.0366499999999998 5194.5
1.06775 5298.4
1.0998 5404.4
1.1328 5512.5
1.16675 5622.7
1.2018 5735.2
1.2378 5849.9
1.27495 5966.9
1.3132000000000001 6086.2
1.3526 6207.9
1.3931499999999999 6332.1
1.435 6458.7
1.478 6587.9
1.5223499999999999 6719.7
1.56805 6854.1
1.61505 6991.1
1.6635499999999999 7131.0
1.71345 7273.6
1.76485 7419.1
1.8178 7567.4
1.8723 7718.8
1.9285 7873.2
1.9863 8030.6
2.04595 8191.2
2.1073 8355.1
2.17055 8522.2
2.2356499999999997 8692.6
2.30275 8866.5
2.3718 9043.8
2.4429499999999997 9224.7
2.51625 9409.2
2.5917 9597.3
2.6695 9789.3
2.74955 9985.1
2.83205 10185.0
2.917 10388.0
3.0045 10596.0
3.09465 10808.0
3.1875 11024.0
3.2831 11245.0
3.3815999999999997 11470.0
3.48305 11699.0
3.5875500000000002 11933.0
3.6952 12172.0
3.80605 12415.0
3.9202500000000002 12663.0
4.0378 12917.0
4.15895 13175.0
4.2837 13439.0
4.4122 13707.0
4.5446 13982.0
4.68095 14261.0
4.82135 14546.0
4.966 14837.0
5.11495 15134.0
5.374533333333333 15437.0
5.535766666666667 15745.0
5.646 16060.0
5.815366666666667 16382.0
5.9271 16709.0
6.1049 17043.0
nan 17384.0
nan 17732.0
nan 18087.0
nan 18448.0
nan 18817.0
nan 19194.0
nan 19578.0
nan 19969.0
nan 20368.0
nan 20776.0
nan 21191.0
nan 21615.0
nan 22047.0
nan 22488.0
nan 22938.0
nan 23397.0
nan 23865.0
nan 24342.0
nan 24829.0
nan 25326.0
nan 25832.0
nan 26349.0
nan 26876.0
nan 27413.0
nan 27962.0
nan 28521.0
nan 29091.0
nan 29673.0
