# d0 d+ = 1.000000 0.500000 
Lambda345 MDM Omega SigmaV
1.5126E-02 5.5428E+02 1.1878E-01 6.7696E-26 
1.5580E-02 5.5428E+02 1.1868E-01 6.7777E-26 
1.6047E-02 5.5428E+02 1.1858E-01 6.7861E-26 
1.6528E-02 5.5428E+02 1.1847E-01 6.7949E-26 
1.7024E-02 5.5428E+02 1.1836E-01 6.8042E-26 
1.7535E-02 5.5428E+02 1.1824E-01 6.8139E-26 
1.8061E-02 5.5428E+02 1.1811E-01 6.8241E-26 
3.1670E-02 5.6536E+02 1.1862E-01 6.8806E-26 
3.2620E-02 5.6536E+02 1.1829E-01 6.9068E-26 
4.3839E-02 5.7667E+02 1.1848E-01 6.9851E-26 
5.3917E-02 5.8820E+02 1.1846E-01 7.0758E-26 
6.2504E-02 5.9997E+02 1.1869E-01 7.1428E-26 
7.9178E-02 6.2421E+02 1.1850E-01 7.3200E-26 
8.6520E-02 6.3669E+02 1.1864E-01 7.3854E-26 
9.4543E-02 6.4942E+02 1.1820E-01 7.4941E-26 
1.3480E-01 7.3136E+02 1.1860E-01 7.8463E-26 
1.6095E-01 7.9164E+02 1.1862E-01 8.0549E-26 
1.8115E-01 8.4010E+02 1.1827E-01 8.2206E-26 
3.1765E-01 1.2239E+03 1.1858E-01 8.7911E-26 
3.6825E-01 1.3783E+03 1.1868E-01 8.9043E-26 
4.1447E-01 1.5217E+03 1.1867E-01 8.9918E-26 
5.0974E-01 1.8186E+03 1.1809E-01 9.1680E-26 
6.4573E-01 2.2612E+03 1.1860E-01 9.2525E-26 
7.4857E-01 2.5974E+03 1.1872E-01 9.3104E-26 
8.6780E-01 2.9836E+03 1.1842E-01 9.3957E-26 
1.0673E+00 3.6370E+03 1.1838E-01 9.4790E-26 
1.3926E+00 4.7048E+03 1.1836E-01 9.5745E-26 
1.4774E+00 4.9928E+03 1.1877E-01 9.5599E-26 
1.9276E+00 6.4587E+03 1.1828E-01 9.6861E-26 
2.0450E+00 6.8541E+03 1.1862E-01 9.6761E-26 
2.8308E+00 9.4092E+03 1.1820E-01 9.8133E-26 
3.0032E+00 9.9851E+03 1.1850E-01 9.8062E-26 
4.4103E+00 1.4546E+04 1.1824E-01 9.9497E-26 
4.6789E+00 1.5437E+04 1.1853E-01 9.9430E-26 
