# d0 d+ = 1.000000 1.000000 
Lambda345 MDM Omega SigmaV
2.0938E-02 5.6536E+02 1.1878E-01 6.7268E-26 
2.1566E-02 5.6536E+02 1.1860E-01 6.7417E-26 
2.2213E-02 5.6536E+02 1.1840E-01 6.7572E-26 
2.2879E-02 5.6536E+02 1.1819E-01 6.7736E-26 
3.4607E-02 5.7667E+02 1.1849E-01 6.8414E-26 
3.5645E-02 5.7667E+02 1.1808E-01 6.8738E-26 
4.5154E-02 5.8820E+02 1.1845E-01 6.9324E-26 
5.3917E-02 5.9997E+02 1.1869E-01 6.9979E-26 
6.2504E-02 6.1197E+02 1.1866E-01 7.0825E-26 
7.0349E-02 6.2421E+02 1.1873E-01 7.1554E-26 
1.0641E-01 6.8917E+02 1.1840E-01 7.5322E-26 
1.1289E-01 7.0296E+02 1.1850E-01 7.5865E-26 
1.1976E-01 7.1702E+02 1.1828E-01 7.6634E-26 
1.3884E-01 7.6090E+02 1.1847E-01 7.8163E-26 
1.5171E-01 7.9164E+02 1.1842E-01 7.9221E-26 
1.7076E-01 8.4010E+02 1.1854E-01 8.0514E-26 
2.0389E-01 9.2754E+02 1.1823E-01 8.2763E-26 
2.1001E-01 9.4609E+02 1.1859E-01 8.2838E-26 
2.6603E-01 1.1085E+03 1.1854E-01 8.5346E-26 
2.7401E-01 1.1307E+03 1.1820E-01 8.5883E-26 
3.3700E-01 1.3248E+03 1.1820E-01 8.7749E-26 
3.7930E-01 1.4626E+03 1.1874E-01 8.8289E-26 
4.2690E-01 1.6149E+03 1.1853E-01 8.9304E-26 
6.0866E-01 2.2169E+03 1.1874E-01 9.1370E-26 
6.6510E-01 2.3996E+03 1.1820E-01 9.2282E-26 
7.7103E-01 2.7564E+03 1.1835E-01 9.2929E-26 
8.9384E-01 3.1662E+03 1.1810E-01 9.3823E-26 
9.4827E-01 3.3600E+03 1.1877E-01 9.3553E-26 
1.0993E+00 3.8596E+03 1.1817E-01 9.4688E-26 
1.1663E+00 4.0958E+03 1.1872E-01 9.4504E-26 
1.4343E+00 4.9928E+03 1.1831E-01 9.5657E-26 
1.5217E+00 5.2984E+03 1.1875E-01 9.5530E-26 
1.8715E+00 6.4587E+03 1.1805E-01 9.6882E-26 
1.9855E+00 6.8541E+03 1.1842E-01 9.6785E-26 
2.1064E+00 7.2736E+03 1.1878E-01 9.6693E-26 
2.7484E+00 9.4092E+03 1.1819E-01 9.8106E-26 
2.9157E+00 9.9851E+03 1.1851E-01 9.8030E-26 
4.0361E+00 1.3707E+04 1.1809E-01 9.9482E-26 
4.2818E+00 1.4546E+04 1.1839E-01 9.9418E-26 
4.5426E+00 1.5437E+04 1.1869E-01 9.9352E-26 
