# d0 d+ = 1.000000 10.000000 
Lambda345 MDM Omega SigmaV
1.2299E-02 2.1615E+04 1.1841E-01 5.5400E-26 
1.2668E-02 2.1615E+04 1.1840E-01 5.5406E-26 
1.3048E-02 2.1615E+04 1.1840E-01 5.5412E-26 
1.3439E-02 2.1615E+04 1.1839E-01 5.5419E-26 
1.7024E-02 2.2047E+04 1.1841E-01 5.5470E-26 
1.7535E-02 2.2047E+04 1.1840E-01 5.5478E-26 
1.8061E-02 2.2047E+04 1.1839E-01 5.5487E-26 
2.1566E-02 2.2488E+04 1.1841E-01 5.5535E-26 
2.2213E-02 2.2488E+04 1.1840E-01 5.5545E-26 
2.2879E-02 2.2488E+04 1.1839E-01 5.5555E-26 
2.6523E-02 2.2938E+04 1.1841E-01 5.5603E-26 
2.7319E-02 2.2938E+04 1.1840E-01 5.5615E-26 
2.8139E-02 2.2938E+04 1.1839E-01 5.5628E-26 
3.1670E-02 2.3397E+04 1.1841E-01 5.5671E-26 
3.2620E-02 2.3397E+04 1.1840E-01 5.5685E-26 
3.7816E-02 2.3865E+04 1.1840E-01 5.5752E-26 
4.3839E-02 2.4342E+04 1.1840E-01 5.5827E-26 
4.9341E-02 2.4829E+04 1.1840E-01 5.5892E-26 
5.5534E-02 2.5326E+04 1.1840E-01 5.5964E-26 
6.0684E-02 2.5832E+04 1.1841E-01 5.6018E-26 
6.2504E-02 2.5832E+04 1.1839E-01 5.6043E-26 
6.8300E-02 2.6349E+04 1.1840E-01 5.6103E-26 
7.4633E-02 2.6876E+04 1.1840E-01 5.6168E-26 
8.1554E-02 2.7413E+04 1.1840E-01 5.6238E-26 
8.9116E-02 2.7962E+04 1.1839E-01 5.6312E-26 
1.0331E-01 2.9091E+04 1.1841E-01 5.6441E-26 
