# d0 d+ = 5.000000 0.500000 
Lambda345 MDM Omega SigmaV
1.7024E-02 6.2421E+02 1.1873E-01 6.1716E-26 
1.7535E-02 6.2421E+02 1.1856E-01 6.1842E-26 
1.8061E-02 6.2421E+02 1.1839E-01 6.1974E-26 
1.8603E-02 6.2421E+02 1.1821E-01 6.2112E-26 
1.9161E-02 6.2421E+02 1.1802E-01 6.2255E-26 
2.8139E-02 6.3669E+02 1.1853E-01 6.2608E-26 
2.8983E-02 6.3669E+02 1.1821E-01 6.2858E-26 
3.6715E-02 6.4942E+02 1.1878E-01 6.3140E-26 
3.7816E-02 6.4942E+02 1.1831E-01 6.3501E-26 
4.5154E-02 6.6241E+02 1.1874E-01 6.3868E-26 
4.6509E-02 6.6241E+02 1.1811E-01 6.4351E-26 
5.3917E-02 6.7566E+02 1.1825E-01 6.4924E-26 
6.0684E-02 6.8917E+02 1.1851E-01 6.5374E-26 
6.8300E-02 7.0296E+02 1.1818E-01 6.6260E-26 
7.4633E-02 7.1702E+02 1.1840E-01 6.6701E-26 
8.1554E-02 7.3136E+02 1.1820E-01 6.7448E-26 
9.4543E-02 7.6090E+02 1.1802E-01 6.8702E-26 
1.0030E-01 7.7612E+02 1.1828E-01 6.9035E-26 
1.0641E-01 7.9164E+02 1.1829E-01 6.9540E-26 
1.1289E-01 8.0748E+02 1.1806E-01 7.0218E-26 
1.3087E-01 8.5690E+02 1.1810E-01 7.1574E-26 
1.4300E-01 8.9152E+02 1.1802E-01 7.2485E-26 
1.6095E-01 9.4609E+02 1.1811E-01 7.3589E-26 
1.9795E-01 1.0654E+03 1.1821E-01 7.5537E-26 
2.0389E-01 1.0868E+03 1.1844E-01 7.5640E-26 
2.1001E-01 1.1085E+03 1.1862E-01 7.5801E-26 
2.1631E-01 1.1307E+03 1.1872E-01 7.5994E-26 
2.2280E-01 1.1533E+03 1.1877E-01 7.6233E-26 
2.2948E-01 1.1763E+03 1.1875E-01 7.6515E-26 
2.3636E-01 1.1999E+03 1.1867E-01 7.6822E-26 
2.4346E-01 1.2239E+03 1.1854E-01 7.7180E-26 
2.5076E-01 1.2483E+03 1.1835E-01 7.7579E-26 
2.5828E-01 1.2733E+03 1.1810E-01 7.8006E-26 
3.1765E-01 1.4919E+03 1.1831E-01 7.9486E-26 
3.6825E-01 1.6801E+03 1.1807E-01 8.0702E-26 
4.5290E-01 2.0079E+03 1.1827E-01 8.1829E-26 
4.9490E-01 2.1734E+03 1.1840E-01 8.2220E-26 
5.4079E-01 2.3526E+03 1.1832E-01 8.2739E-26 
5.9093E-01 2.5465E+03 1.1806E-01 8.3377E-26 
6.8505E-01 2.9251E+03 1.1841E-01 8.3782E-26 
7.9416E-01 3.3600E+03 1.1843E-01 8.4397E-26 
9.2065E-01 3.8596E+03 1.1819E-01 8.5174E-26 
9.7672E-01 4.0958E+03 1.1870E-01 8.4989E-26 
1.1323E+00 4.7048E+03 1.1820E-01 8.5934E-26 
1.2012E+00 4.9928E+03 1.1862E-01 8.5790E-26 
1.4774E+00 6.0862E+03 1.1832E-01 8.6754E-26 
1.5673E+00 6.4587E+03 1.1868E-01 8.6652E-26 
1.9276E+00 7.8732E+03 1.1820E-01 8.7736E-26 
2.0450E+00 8.3551E+03 1.1852E-01 8.7664E-26 
2.6683E+00 1.0808E+04 1.1825E-01 8.8776E-26 
2.8308E+00 1.1470E+04 1.1855E-01 8.8714E-26 
3.6936E+00 1.4837E+04 1.1821E-01 8.9899E-26 
3.9185E+00 1.5745E+04 1.1851E-01 8.9851E-26 
5.1127E+00 2.0368E+04 1.1813E-01 9.1070E-26 
5.4241E+00 2.1615E+04 1.1842E-01 9.1024E-26 
5.7544E+00 2.2938E+04 1.1871E-01 9.0979E-26 
