# d0 d+ = 0.500000 5.000000 
Lambda345 MDM Omega SigmaV
1.1255E-02 6.7566E+02 1.1866E-01 6.1162E-26 
1.1593E-02 6.7566E+02 1.1852E-01 6.1268E-26 
1.1941E-02 6.7566E+02 1.1837E-01 6.1377E-26 
1.2299E-02 6.7566E+02 1.1822E-01 6.1490E-26 
1.2668E-02 6.7566E+02 1.1807E-01 6.1606E-26 
1.8603E-02 6.8917E+02 1.1876E-01 6.1745E-26 
1.9161E-02 6.8917E+02 1.1851E-01 6.1932E-26 
1.9736E-02 6.8917E+02 1.1825E-01 6.2127E-26 
2.5751E-02 7.0296E+02 1.1870E-01 6.2423E-26 
2.6523E-02 7.0296E+02 1.1833E-01 6.2698E-26 
3.2620E-02 7.1702E+02 1.1857E-01 6.3135E-26 
3.3599E-02 7.1702E+02 1.1808E-01 6.3501E-26 
3.8950E-02 7.3136E+02 1.1855E-01 6.3747E-26 
4.5154E-02 7.4598E+02 1.1846E-01 6.4387E-26 
5.0821E-02 7.6090E+02 1.1857E-01 6.4870E-26 
5.7200E-02 7.7612E+02 1.1820E-01 6.5688E-26 
6.2504E-02 7.9164E+02 1.1836E-01 6.6098E-26 
6.8300E-02 8.0748E+02 1.1820E-01 6.6737E-26 
7.9178E-02 8.4010E+02 1.1814E-01 6.7759E-26 
8.4000E-02 8.5690E+02 1.1843E-01 6.8015E-26 
8.9116E-02 8.7404E+02 1.1852E-01 6.8397E-26 
9.4543E-02 8.9152E+02 1.1843E-01 6.8910E-26 
1.0030E-01 9.0935E+02 1.1815E-01 6.9557E-26 
1.1628E-01 9.6501E+02 1.1803E-01 7.0871E-26 
1.3087E-01 1.0241E+03 1.1872E-01 7.1447E-26 
1.4729E-01 1.0868E+03 1.1856E-01 7.2590E-26 
1.7588E-01 1.1999E+03 1.1816E-01 7.4427E-26 
1.8115E-01 1.2239E+03 1.1838E-01 7.4533E-26 
1.8659E-01 1.2483E+03 1.1855E-01 7.4680E-26 
1.9219E-01 1.2733E+03 1.1867E-01 7.4850E-26 
1.9795E-01 1.2988E+03 1.1875E-01 7.5047E-26 
2.0389E-01 1.3248E+03 1.1877E-01 7.5277E-26 
2.1001E-01 1.3512E+03 1.1875E-01 7.5547E-26 
2.1631E-01 1.3783E+03 1.1868E-01 7.5832E-26 
2.2280E-01 1.4058E+03 1.1857E-01 7.6156E-26 
2.2948E-01 1.4340E+03 1.1842E-01 7.6496E-26 
2.3636E-01 1.4626E+03 1.1822E-01 7.6875E-26 
2.9070E-01 1.7137E+03 1.1849E-01 7.8250E-26 
3.3700E-01 1.9299E+03 1.1843E-01 7.9311E-26 
3.7930E-01 2.1308E+03 1.1841E-01 8.0075E-26 
4.2690E-01 2.3526E+03 1.1802E-01 8.1074E-26 
4.6649E-01 2.5465E+03 1.1818E-01 8.1451E-26 
5.0974E-01 2.7564E+03 1.1818E-01 8.1919E-26 
5.5701E-01 2.9836E+03 1.1811E-01 8.2473E-26 
6.4573E-01 3.4272E+03 1.1854E-01 8.2855E-26 
7.0560E-01 3.7097E+03 1.1814E-01 8.3577E-26 
7.4857E-01 3.9368E+03 1.1871E-01 8.3385E-26 
8.1799E-01 4.2613E+03 1.1819E-01 8.4185E-26 
8.6780E-01 4.5221E+03 1.1869E-01 8.4034E-26 
9.4827E-01 4.8949E+03 1.1808E-01 8.4895E-26 
1.0060E+00 5.1945E+03 1.1852E-01 8.4771E-26 
1.1663E+00 5.9669E+03 1.1824E-01 8.5590E-26 
1.2373E+00 6.3321E+03 1.1864E-01 8.5497E-26 
1.4343E+00 7.2736E+03 1.1825E-01 8.6378E-26 
1.5217E+00 7.7188E+03 1.1862E-01 8.6311E-26 
1.7641E+00 8.8665E+03 1.1816E-01 8.7254E-26 
1.8715E+00 9.4092E+03 1.1850E-01 8.7194E-26 
2.3017E+00 1.1470E+04 1.1833E-01 8.8125E-26 
2.4419E+00 1.2172E+04 1.1865E-01 8.8079E-26 
2.8308E+00 1.3982E+04 1.1811E-01 8.9096E-26 
3.0032E+00 1.4837E+04 1.1842E-01 8.9060E-26 
3.1861E+00 1.5745E+04 1.1874E-01 8.9019E-26 
3.6936E+00 1.8087E+04 1.1816E-01 9.0062E-26 
3.9185E+00 1.9194E+04 1.1847E-01 9.0022E-26 
4.1571E+00 2.0368E+04 1.1877E-01 8.9988E-26 
4.8193E+00 2.3397E+04 1.1817E-01 9.1057E-26 
5.1127E+00 2.4829E+04 1.1847E-01 9.1019E-26 
5.4241E+00 2.6349E+04 1.1877E-01 9.0982E-26 
